6 0.056152 0.914551 0.092122 0.131836
6 0.286296 0.762451 0.090169 0.121582
6 0.371582 0.660889 0.097331 0.127441
6 0.698405 0.542480 0.094727 0.146484
6 0.938965 0.242432 0.101237 0.140137
6 0.487956 0.389648 0.099609 0.129883
9 0.452799 0.485107 0.097005 0.145020
6 0.717611 0.257812 0.080404 0.117188
6 0.598958 0.389893 0.091797 0.137207
6 0.964355 0.164551 0.070638 0.134766
6 0.229004 0.480469 0.103190 0.144531
6 0.047852 0.739746 0.081380 0.141602
6 0.524089 0.651367 0.110677 0.124023
6 0.196126 0.894775 0.091471 0.123535
