6 0.121257 0.537842 0.081706 0.122559
9 0.923340 0.571533 0.103190 0.168457
9 0.174316 0.464600 0.111003 0.142090
9 0.634115 0.584229 0.102214 0.145996
5 0.550456 0.611328 0.072917 0.141602
6 0.677246 0.708252 0.079102 0.129395
6 0.251790 0.701416 0.093424 0.121582
6 0.106283 0.707275 0.077799 0.127441
5 0.847982 0.602783 0.080078 0.130371
6 0.474447 0.621826 0.087565 0.123535
6 0.202474 0.566406 0.076823 0.102539
5 0.601074 0.713379 0.084310 0.123047
6 0.255371 0.595215 0.079753 0.107422
6 0.492513 0.517334 0.082031 0.110840
6 0.036947 0.335205 0.073893 0.144043
5 0.045410 0.660156 0.082357 0.130859
6 0.549642 0.484375 0.093424 0.106445
6 0.154460 0.648926 0.098633 0.112305
6 0.571615 0.409180 0.083333 0.120117
8 0.269206 0.225830 0.069661 0.107910
12 0.086263 0.380127 0.052083 0.070801
