5 0.298828 0.341064 0.090495 0.137207
9 0.327637 0.860596 0.114258 0.123535
5 0.816895 0.586182 0.099284 0.170410
5 0.940430 0.310547 0.069010 0.143555
5 0.206868 0.344727 0.088867 0.153320
5 0.846029 0.413818 0.090495 0.124512
5 0.249023 0.201416 0.085286 0.123535
5 0.651855 0.331055 0.073893 0.159180
5 0.792969 0.904785 0.100260 0.127930
5 0.725423 0.485107 0.098633 0.126465
6 0.341309 0.234619 0.097331 0.130371
6 0.750814 0.824463 0.089518 0.114746
6 0.503092 0.635742 0.068034 0.102539
5 0.431803 0.794922 0.089518 0.116211
5 0.552083 0.179932 0.077474 0.109863
9 0.146973 0.448242 0.105143 0.138672
6 0.573568 0.790527 0.083984 0.126953
8 0.361165 0.446045 0.084310 0.106934
5 0.749674 0.633301 0.083984 0.131836
5 0.367350 0.653076 0.099284 0.121582
5 0.117025 0.324219 0.096029 0.133789
8 0.215983 0.792236 0.079102 0.120605
9 0.878092 0.505615 0.086263 0.135254
6 0.578451 0.648682 0.083984 0.114746
5 0.128418 0.789551 0.087565 0.135742
6 0.401042 0.089111 0.078125 0.122559
5 0.258626 0.618652 0.086263 0.131836
9 0.342611 0.551270 0.098633 0.109375
9 0.242839 0.068115 0.080729 0.136230
9 0.547526 0.548828 0.102214 0.126953
5 0.936035 0.088379 0.099284 0.121094
5 0.476400 0.198486 0.083659 0.119629
5 0.481771 0.094238 0.085286 0.097656
6 0.409831 0.227295 0.071615 0.125488
9 0.513346 0.770020 0.079427 0.131836
5 0.652344 0.565918 0.090495 0.104492
5 0.662272 0.659912 0.082357 0.110840
6 0.728190 0.723633 0.100260 0.102539
5 0.448893 0.590820 0.086589 0.107422
8 0.743001 0.164795 0.073893 0.115723
6 0.393555 0.344971 0.091797 0.115723
6 0.424642 0.510254 0.090169 0.104492
5 0.065430 0.427246 0.071615 0.138672
6 0.662760 0.801270 0.087240 0.126953
5 0.529134 0.882080 0.084961 0.100098
6 0.445312 0.415771 0.082031 0.113770
5 0.546549 0.429199 0.102214 0.120117
5 0.801107 0.062256 0.083333 0.124512
5 0.571615 0.072754 0.083984 0.118164
6 0.694173 0.056152 0.090169 0.112305
8 0.669759 0.178223 0.075846 0.145508
5 0.020671 0.456299 0.041341 0.137207
5 0.857747 0.145508 0.093099 0.119141
5 0.873698 0.317139 0.077474 0.130371
6 0.147135 0.561279 0.102865 0.116699
6 0.587728 0.339355 0.071289 0.112305
5 0.050456 0.167969 0.097656 0.115234
6 0.175781 0.718750 0.091797 0.099609
5 0.630371 0.491455 0.087565 0.107910
8 0.708984 0.292480 0.081380 0.130859
9 0.051270 0.271484 0.101888 0.125977
6 0.803385 0.352051 0.069010 0.125977
6 0.740723 0.396484 0.089518 0.108398
6 0.638672 0.873779 0.100911 0.097168
6 0.626465 0.132324 0.077799 0.149414
6 0.428385 0.914307 0.099609 0.109863
6 0.840332 0.220947 0.107747 0.095215
6 0.170085 0.627686 0.087565 0.111816
5 0.288249 0.702393 0.107096 0.105957
9 0.126465 0.927734 0.098633 0.136719
6 0.642904 0.956055 0.074219 0.080078
6 0.526693 0.274414 0.114583 0.100586
6 0.772461 0.265381 0.061198 0.104004
6 0.319499 0.758789 0.085612 0.097656
9 0.170085 0.044678 0.081055 0.089355
6 0.583333 0.921387 0.071615 0.083984
5 0.074056 0.624756 0.087565 0.129395
