5 0.482585 0.530518 0.096680 0.121582
5 0.581706 0.309082 0.101562 0.137695
6 0.569987 0.177246 0.085938 0.152344
6 0.322917 0.838135 0.093099 0.112793
5 0.686686 0.514648 0.097982 0.170898
6 0.819010 0.576172 0.095052 0.146484
6 0.525065 0.759277 0.083984 0.145508
10 0.308594 0.100342 0.098958 0.137207
5 0.277995 0.747314 0.091146 0.143066
5 0.597168 0.708008 0.090820 0.137695
6 0.437826 0.383789 0.095703 0.138672
6 0.487142 0.211426 0.090169 0.142578
6 0.442057 0.760254 0.083333 0.145508
8 0.414714 0.560303 0.059896 0.096191
6 0.363932 0.746338 0.080078 0.138184
6 0.100911 0.065186 0.098958 0.130371
8 0.775391 0.664062 0.089193 0.125000
6 0.672852 0.736084 0.089844 0.124512
8 0.291992 0.621338 0.095052 0.108887
5 0.578776 0.604980 0.083333 0.161133
8 0.759277 0.768066 0.067383 0.082031
8 0.766764 0.526123 0.068685 0.115723
8 0.398275 0.856934 0.060221 0.085938
5 0.642415 0.573975 0.061523 0.147949
6 0.503743 0.615479 0.072591 0.130371
5 0.567057 0.442139 0.089844 0.136230
8 0.405273 0.663086 0.072266 0.076172
6 0.502441 0.435547 0.073242 0.128906
