6 0.216634 0.293213 0.092773 0.121582
6 0.889486 0.453125 0.088867 0.094727
6 0.867513 0.640869 0.078776 0.109863
5 0.099772 0.444092 0.080404 0.119629
9 0.180827 0.525635 0.103190 0.149902
6 0.202474 0.405273 0.089193 0.110352
6 0.097168 0.556641 0.090169 0.120117
6 0.915202 0.561523 0.078451 0.118164
5 0.806152 0.598877 0.079102 0.128418
6 0.732096 0.571045 0.078125 0.138184
6 0.142741 0.339600 0.079102 0.133301
5 0.846680 0.523926 0.078125 0.100586
9 0.787272 0.467529 0.093424 0.126465
12 0.730632 0.422119 0.045898 0.070801
