5 0.712565 0.208008 0.085286 0.141602
9 0.399740 0.825195 0.109375 0.132812
6 0.035970 0.487793 0.071940 0.141602
6 0.268066 0.714844 0.095378 0.164062
6 0.649414 0.239990 0.065104 0.111816
9 0.973145 0.279297 0.053060 0.149414
5 0.596842 0.683594 0.075195 0.135742
6 0.161296 0.330078 0.101888 0.134766
5 0.549479 0.888184 0.109375 0.132812
6 0.841797 0.461426 0.103516 0.109375
9 0.290202 0.443604 0.077799 0.153809
6 0.972168 0.532715 0.055664 0.104492
6 0.820150 0.836182 0.096680 0.125488
5 0.503906 0.428711 0.093750 0.136719
6 0.792969 0.195557 0.078125 0.136230
5 0.708333 0.872070 0.091797 0.119141
9 0.916178 0.627197 0.081706 0.123535
6 0.537272 0.780518 0.081055 0.104980
6 0.679525 0.769287 0.090169 0.106934
6 0.222819 0.465332 0.075846 0.156250
9 0.760905 0.360596 0.093424 0.145996
6 0.271647 0.124756 0.083008 0.145996
5 0.919271 0.499268 0.062500 0.126465
6 0.074219 0.078857 0.104167 0.135254
6 0.846029 0.296875 0.099609 0.120117
5 0.727051 0.515625 0.096029 0.119141
5 0.332520 0.318848 0.097331 0.106445
6 0.930013 0.329590 0.072917 0.137695
6 0.619303 0.816406 0.077799 0.130859
5 0.461263 0.150635 0.086589 0.122559
6 0.649414 0.649902 0.063151 0.133789
5 0.420410 0.436279 0.081055 0.144043
6 0.859538 0.746094 0.081055 0.132812
6 0.149089 0.206055 0.106120 0.135742
9 0.347656 0.716797 0.085286 0.159180
5 0.474772 0.630859 0.069987 0.116211
6 0.833008 0.674316 0.081380 0.110352
9 0.928711 0.757324 0.083984 0.142578
6 0.719727 0.647705 0.089844 0.127441
6 0.609212 0.545654 0.076497 0.124512
6 0.480957 0.755127 0.071940 0.116699
5 0.432292 0.332764 0.080729 0.100098
6 0.311523 0.564697 0.095052 0.111816
9 0.760091 0.740967 0.072266 0.131348
6 0.879069 0.208008 0.093424 0.104492
5 0.870931 0.387207 0.084310 0.100586
5 0.575846 0.253418 0.084635 0.129883
5 0.925130 0.871826 0.093750 0.111816
8 0.973307 0.422852 0.052083 0.107422
5 0.777507 0.592773 0.077148 0.141602
5 0.857259 0.570312 0.077148 0.115234
5 0.346191 0.417480 0.070638 0.109375
8 0.382161 0.272949 0.113932 0.114258
9 0.375163 0.617432 0.097331 0.113770
6 0.385905 0.514893 0.083659 0.091309
9 0.375163 0.177734 0.095378 0.118164
5 0.424479 0.696045 0.063802 0.145020
5 0.956217 0.951172 0.086914 0.097656
6 0.670247 0.487793 0.093099 0.148438
6 0.598633 0.042236 0.094401 0.084473
6 0.522461 0.538330 0.098307 0.124512
8 0.480306 0.239258 0.068685 0.077148
6 0.508626 0.321533 0.078451 0.094238
6 0.584961 0.366211 0.089844 0.123047
6 0.821940 0.943115 0.099609 0.103027
6 0.527507 0.657715 0.049805 0.126953
6 0.335612 0.104736 0.055339 0.131348
5 0.605632 0.146484 0.097982 0.112305
5 0.417969 0.065430 0.091146 0.094727
