6 0.284342 0.199463 0.086263 0.156738
8 0.648926 0.371338 0.115560 0.162598
6 0.191569 0.381348 0.100586 0.130859
6 0.708496 0.514648 0.097982 0.140625
5 0.122884 0.328125 0.071289 0.140625
6 0.468587 0.860107 0.094076 0.136230
6 0.687663 0.173096 0.097331 0.134277
6 0.123047 0.178711 0.089193 0.136719
9 0.047363 0.347412 0.090169 0.158691
6 0.609212 0.505127 0.092122 0.141113
5 0.535319 0.582520 0.088867 0.141602
5 0.576335 0.707031 0.090169 0.105469
5 0.757975 0.246338 0.096680 0.135254
5 0.755859 0.354248 0.089193 0.096191
5 0.208333 0.175537 0.078776 0.133301
6 0.097656 0.859131 0.092448 0.148926
6 0.598958 0.811279 0.113932 0.122559
9 0.050618 0.935547 0.101237 0.124023
6 0.753255 0.450928 0.085286 0.110840
6 0.216471 0.286865 0.093099 0.104980
5 0.612305 0.920410 0.097656 0.125000
12 0.502279 0.654785 0.050130 0.059570
12 0.619303 0.612305 0.058268 0.055664
12 0.577637 0.649658 0.038737 0.046387
12 0.698893 0.063721 0.054688 0.105957
