6 0.134277 0.261963 0.088216 0.137207
5 0.127604 0.629395 0.082031 0.131836
9 0.219076 0.465576 0.079427 0.121582
8 0.698730 0.519043 0.083659 0.113281
6 0.445475 0.749268 0.091471 0.116699
6 0.413574 0.227539 0.088216 0.118164
6 0.303223 0.482422 0.096029 0.132812
6 0.621908 0.451172 0.081706 0.130859
6 0.846029 0.244141 0.087891 0.128906
9 0.462565 0.625000 0.095703 0.126953
9 0.691895 0.405029 0.083659 0.125488
6 0.684408 0.926025 0.089518 0.127441
6 0.232585 0.585693 0.084310 0.114746
6 0.821615 0.885986 0.093750 0.129395
6 0.356771 0.585938 0.102865 0.122070
6 0.949544 0.780029 0.091797 0.104980
6 0.038086 0.350830 0.076172 0.133301
6 0.053711 0.609131 0.082682 0.137207
6 0.478027 0.462402 0.086914 0.120117
6 0.687174 0.212158 0.092448 0.138184
6 0.960124 0.871826 0.079102 0.116699
6 0.102376 0.374023 0.076497 0.135742
9 0.881348 0.064453 0.094727 0.128906
5 0.907715 0.697998 0.075846 0.109863
6 0.429362 0.343750 0.085286 0.129883
6 0.261068 0.382568 0.080078 0.093262
6 0.617025 0.954102 0.077799 0.085938
6 0.772786 0.385742 0.095052 0.133789
8 0.357422 0.350830 0.077474 0.129395
12 0.887207 0.765137 0.032878 0.046875
