6 0.262207 0.617920 0.084310 0.158691
6 0.705241 0.417969 0.097331 0.151367
5 0.812174 0.781738 0.087240 0.168945
5 0.171875 0.619385 0.104167 0.165527
6 0.367676 0.532227 0.092122 0.124023
5 0.143555 0.242188 0.099609 0.142578
5 0.608398 0.525879 0.083984 0.149414
9 0.727702 0.786133 0.099935 0.196289
6 0.765299 0.330566 0.102865 0.152344
6 0.645833 0.656494 0.103516 0.155762
6 0.340658 0.658447 0.084310 0.145996
6 0.563965 0.757568 0.102539 0.165527
5 0.563965 0.394531 0.099284 0.122070
5 0.506673 0.560303 0.099284 0.142090
6 0.414062 0.794189 0.102865 0.130371
6 0.430827 0.681641 0.113607 0.108398
6 0.527995 0.482910 0.094401 0.135742
5 0.440430 0.589844 0.084635 0.113281
6 0.153809 0.392578 0.108398 0.134766
