5 0.108073 0.867188 0.083984 0.146484
5 0.807454 0.642090 0.089518 0.125977
6 0.177083 0.740234 0.084635 0.124023
9 0.044434 0.816650 0.088867 0.156738
6 0.948730 0.639404 0.099935 0.140137
6 0.555501 0.273438 0.083008 0.121094
5 0.041504 0.375488 0.083008 0.128906
6 0.181152 0.854980 0.077799 0.128906
6 0.091471 0.733398 0.080078 0.109375
6 0.620280 0.322510 0.084961 0.122559
6 0.533854 0.161133 0.093099 0.122070
6 0.507161 0.054199 0.085286 0.105469
6 0.462728 0.130859 0.073242 0.105469
6 0.676595 0.376953 0.082357 0.134766
