6 0.408203 0.588379 0.071615 0.131836
5 0.320964 0.434326 0.075521 0.134277
5 0.041829 0.407471 0.083659 0.125488
6 0.548340 0.476807 0.092773 0.127441
6 0.388997 0.425781 0.069010 0.126953
6 0.946452 0.229736 0.097331 0.134277
6 0.658366 0.493408 0.094727 0.130371
6 0.274251 0.359863 0.090820 0.134766
6 0.889323 0.600586 0.096354 0.145508
6 0.680339 0.351562 0.075521 0.124023
6 0.750977 0.583008 0.105469 0.146484
5 0.855143 0.315430 0.103516 0.138672
5 0.477539 0.577637 0.075521 0.126953
6 0.615885 0.322998 0.083984 0.134277
6 0.342122 0.586670 0.074219 0.142090
6 0.371419 0.301270 0.095052 0.110352
6 0.530599 0.343262 0.083984 0.094727
