9 0.625326 0.430664 0.087891 0.137695
6 0.371257 0.407471 0.078451 0.151855
9 0.137207 0.451416 0.101237 0.148926
5 0.383301 0.551758 0.084310 0.155273
8 0.459961 0.586914 0.100260 0.166016
9 0.231771 0.453125 0.095052 0.167969
6 0.828776 0.457764 0.085286 0.136230
9 0.221354 0.690918 0.100260 0.155273
6 0.918457 0.290771 0.109049 0.147949
6 0.412760 0.720703 0.093099 0.125977
6 0.653158 0.287109 0.087565 0.161133
6 0.715169 0.544434 0.097005 0.127930
6 0.298340 0.373291 0.086263 0.140137
5 0.300944 0.553711 0.092773 0.144531
6 0.549642 0.456299 0.086914 0.138184
6 0.871419 0.358154 0.085938 0.117676
6 0.702474 0.359619 0.080078 0.131348
6 0.736491 0.435791 0.086263 0.105957
6 0.623372 0.562012 0.089193 0.125000
12 0.322266 0.469482 0.063151 0.071777
9 0.461751 0.365479 0.100586 0.151855
