5 0.204590 0.283691 0.100586 0.136719
6 0.392578 0.132324 0.108073 0.127930
6 0.289225 0.217041 0.097982 0.169434
6 0.128906 0.408936 0.102865 0.155762
9 0.393555 0.264160 0.120443 0.150391
5 0.099609 0.641357 0.117839 0.138184
6 0.235352 0.388428 0.106120 0.114746
5 0.222656 0.496338 0.104167 0.134277
6 0.223470 0.709717 0.098633 0.144043
6 0.371908 0.389893 0.100586 0.133301
6 0.099121 0.519043 0.101237 0.116211
6 0.463704 0.207031 0.075195 0.130859
6 0.280273 0.815430 0.122396 0.125000
9 0.302897 0.656982 0.085612 0.145020
9 0.539876 0.262207 0.096680 0.139648
6 0.124837 0.782227 0.108398 0.155273
6 0.311523 0.503906 0.082031 0.142578
5 0.217611 0.600586 0.111654 0.098633
5 0.364421 0.740723 0.072591 0.136719
5 0.583008 0.206787 0.117188 0.165527
9 0.407389 0.606934 0.125326 0.155273
6 0.513184 0.379883 0.109701 0.156250
6 0.466797 0.441895 0.107422 0.188477
