5 0.803874 0.657959 0.079102 0.148926
6 0.649414 0.673584 0.085286 0.137207
9 0.494954 0.548340 0.113607 0.160156
6 0.444010 0.426514 0.093750 0.137207
6 0.485677 0.256836 0.101562 0.161133
9 0.470215 0.777588 0.105794 0.146973
5 0.733236 0.643799 0.081055 0.161621
6 0.665853 0.391602 0.101888 0.150391
6 0.460612 0.909180 0.097656 0.146484
6 0.748210 0.477783 0.084310 0.132324
5 0.510579 0.108398 0.088216 0.132812
6 0.384928 0.108643 0.092122 0.152832
10 0.398763 0.257568 0.077474 0.119629
6 0.415690 0.842041 0.083984 0.113770
9 0.440430 0.149902 0.082682 0.126953
6 0.258789 0.761475 0.106771 0.137207
12 0.178223 0.747070 0.055664 0.099609
6 0.149577 0.884277 0.106445 0.141602
12 0.805664 0.500488 0.041016 0.079102
5 0.765137 0.061523 0.097982 0.123047
12 0.424805 0.342285 0.046224 0.048828
12 0.835938 0.072021 0.066406 0.128418
