6 0.272135 0.675049 0.081380 0.122559
5 0.698730 0.450928 0.083008 0.115723
6 0.685547 0.338135 0.089844 0.127441
6 0.486165 0.171143 0.090169 0.135254
6 0.764648 0.611328 0.095703 0.130859
5 0.654785 0.526855 0.087565 0.124023
6 0.517741 0.443359 0.081706 0.125977
5 0.275553 0.549805 0.081706 0.125977
6 0.402181 0.178223 0.081706 0.116211
6 0.409831 0.364502 0.085938 0.128418
6 0.423828 0.490234 0.086589 0.127930
6 0.914388 0.841553 0.091797 0.139160
6 0.602702 0.256348 0.084961 0.124023
6 0.685221 0.155029 0.082031 0.144043
6 0.781738 0.505371 0.097331 0.115234
6 0.588704 0.406738 0.077148 0.144531
6 0.290039 0.097656 0.082682 0.121094
6 0.375326 0.083008 0.084635 0.114258
6 0.165690 0.911621 0.083984 0.124023
5 0.811361 0.068848 0.099935 0.131836
6 0.357747 0.239502 0.087891 0.128418
5 0.563639 0.139893 0.078451 0.131348
6 0.252930 0.338135 0.084635 0.163574
6 0.339518 0.597168 0.078776 0.142578
5 0.327148 0.372803 0.075521 0.138184
8 0.450033 0.070068 0.066732 0.094238
8 0.625488 0.098633 0.074544 0.118164
