6 0.883789 0.283203 0.082682 0.149414
6 0.664062 0.175293 0.084635 0.141602
5 0.733073 0.819580 0.091146 0.117676
6 0.960124 0.498291 0.079102 0.133301
6 0.386719 0.578369 0.100911 0.152832
6 0.258301 0.372314 0.099284 0.136230
6 0.590983 0.204346 0.088867 0.140137
9 0.469401 0.884521 0.094401 0.133301
5 0.493164 0.568359 0.096354 0.149414
5 0.468587 0.760254 0.106445 0.133789
6 0.960612 0.301025 0.078776 0.132324
6 0.862630 0.430664 0.097656 0.143555
6 0.534505 0.285400 0.095703 0.127441
9 0.174316 0.179932 0.086263 0.132324
6 0.178060 0.339111 0.070964 0.114746
6 0.816732 0.241699 0.093099 0.154297
6 0.211914 0.072998 0.078776 0.141113
6 0.567546 0.872314 0.101888 0.149902
10 0.965983 0.804199 0.067383 0.137695
6 0.684082 0.650635 0.089518 0.129395
9 0.237305 0.267334 0.103516 0.136230
6 0.356934 0.404053 0.084961 0.122559
9 0.886230 0.694092 0.090169 0.144043
6 0.762207 0.304688 0.088216 0.152344
6 0.808431 0.777832 0.080404 0.137695
6 0.405436 0.198730 0.084310 0.134766
5 0.109212 0.051514 0.102539 0.103027
5 0.828125 0.621338 0.084635 0.150879
6 0.916667 0.586914 0.083984 0.130859
10 0.103353 0.214111 0.073242 0.149902
10 0.438639 0.417969 0.086914 0.131836
9 0.717773 0.733398 0.101562 0.126953
9 0.453776 0.079346 0.126302 0.127441
5 0.379395 0.310791 0.106445 0.128418
5 0.478841 0.188232 0.088542 0.122559
6 0.287109 0.062012 0.082031 0.117188
6 0.324056 0.139404 0.091471 0.106934
8 0.541178 0.160156 0.047852 0.089844
12 0.756836 0.598633 0.040365 0.066406
