5 0.457845 0.301025 0.095378 0.134277
9 0.777018 0.587158 0.098958 0.139160
9 0.111816 0.310059 0.106445 0.162109
5 0.737467 0.451416 0.077799 0.116699
6 0.671712 0.518555 0.078451 0.107422
6 0.819499 0.403076 0.086914 0.118652
5 0.562663 0.506104 0.096029 0.129395
5 0.290365 0.163818 0.082031 0.147949
6 0.242025 0.452393 0.101237 0.147949
9 0.227539 0.258789 0.098307 0.153320
9 0.460286 0.662842 0.087891 0.142090
6 0.200684 0.886230 0.105143 0.143555
9 0.691081 0.699707 0.092448 0.135742
5 0.858073 0.715820 0.089193 0.145508
6 0.284017 0.328613 0.086914 0.134766
5 0.286296 0.728760 0.087565 0.131348
5 0.185221 0.674072 0.095052 0.128418
9 0.779948 0.906494 0.096354 0.140137
6 0.636230 0.100830 0.112305 0.145020
6 0.534180 0.805420 0.097656 0.146973
6 0.264811 0.608398 0.083659 0.130859
6 0.534993 0.645020 0.068034 0.142578
9 0.753092 0.176758 0.097331 0.154297
5 0.876139 0.585205 0.084310 0.134277
5 0.457845 0.131836 0.079102 0.123047
5 0.194010 0.551025 0.097656 0.128418
5 0.787760 0.781250 0.093099 0.121094
6 0.207845 0.771484 0.098633 0.103516
5 0.356771 0.307861 0.083984 0.128418
6 0.401530 0.726074 0.094076 0.130859
9 0.368490 0.147217 0.092448 0.128418
9 0.709798 0.841309 0.088216 0.139648
6 0.613932 0.853760 0.080078 0.122559
6 0.597331 0.692627 0.089844 0.118652
5 0.764323 0.352051 0.091797 0.127930
6 0.542643 0.267090 0.080729 0.129883
9 0.354004 0.805908 0.092122 0.126465
5 0.646973 0.436279 0.090169 0.116699
9 0.700195 0.307617 0.096354 0.146484
9 0.828451 0.513672 0.098307 0.125977
9 0.630046 0.270020 0.086263 0.126953
6 0.642253 0.775146 0.087891 0.119629
5 0.618978 0.586426 0.083659 0.106445
8 0.913737 0.425781 0.085286 0.142578
6 0.591471 0.374023 0.109375 0.111328
6 0.503418 0.198730 0.092773 0.083008
5 0.547038 0.134033 0.073242 0.112793
6 0.374512 0.069824 0.090820 0.105469
6 0.502604 0.053711 0.099609 0.107422
6 0.384277 0.245361 0.101237 0.105957
6 0.777181 0.689941 0.086914 0.090820
6 0.681641 0.620361 0.071615 0.069824
