5 0.704427 0.289062 0.084635 0.144531
6 0.109538 0.505859 0.105143 0.153320
6 0.250651 0.595215 0.089844 0.140625
6 0.755046 0.091309 0.110352 0.142578
6 0.696289 0.806152 0.088542 0.110352
5 0.612305 0.224854 0.083333 0.142090
6 0.463867 0.416260 0.109375 0.173340
5 0.371908 0.393066 0.086263 0.125000
9 0.731120 0.916748 0.084635 0.150879
6 0.391113 0.531982 0.092122 0.147949
6 0.631348 0.050537 0.084310 0.101074
5 0.777995 0.254395 0.088542 0.165039
6 0.652832 0.908203 0.080404 0.140625
6 0.656738 0.356445 0.075195 0.136719
6 0.578613 0.361084 0.084961 0.147949
6 0.672852 0.174805 0.096354 0.151367
8 0.455404 0.657227 0.089844 0.133789
6 0.360026 0.702393 0.092448 0.126465
