8 0.233398 0.338379 0.082682 0.129883
5 0.627441 0.496826 0.075846 0.130371
6 0.778320 0.713135 0.084635 0.113770
6 0.503581 0.193848 0.089844 0.130859
6 0.770182 0.590576 0.091797 0.138184
6 0.155599 0.295410 0.085938 0.107422
5 0.551270 0.495605 0.084310 0.134766
6 0.813802 0.829590 0.089844 0.125000
6 0.514323 0.406494 0.069661 0.113770
6 0.708333 0.650146 0.072917 0.123535
6 0.119954 0.485596 0.088867 0.126465
6 0.445475 0.252930 0.091471 0.125000
5 0.313477 0.286865 0.092448 0.130371
9 0.166178 0.403320 0.126628 0.116211
5 0.197428 0.512939 0.068685 0.137207
6 0.266764 0.498291 0.080404 0.153809
6 0.875814 0.050049 0.087565 0.096191
5 0.473307 0.438477 0.060547 0.101562
