6 0.437826 0.470947 0.102214 0.167480
6 0.337240 0.764648 0.113932 0.159180
5 0.132975 0.877441 0.089518 0.148438
6 0.914062 0.396729 0.096354 0.150879
6 0.202148 0.801514 0.105469 0.142090
6 0.214681 0.653564 0.095378 0.136230
5 0.584310 0.166992 0.114583 0.149414
6 0.272949 0.172119 0.086914 0.119629
6 0.121582 0.707031 0.098633 0.152344
6 0.846680 0.615723 0.096354 0.171875
6 0.620280 0.569824 0.092122 0.153320
6 0.292318 0.457764 0.090495 0.139160
6 0.319824 0.340088 0.103841 0.117676
6 0.816081 0.449951 0.085286 0.152832
5 0.210775 0.426758 0.107747 0.130859
6 0.291992 0.052734 0.093750 0.105469
6 0.196940 0.324463 0.093099 0.123535
6 0.897624 0.759033 0.103841 0.152832
9 0.322591 0.238281 0.120443 0.129883
12 0.977865 0.888184 0.042969 0.075195
