6 0.506999 0.598145 0.079753 0.113281
6 0.584147 0.922607 0.072591 0.115723
5 0.721354 0.430176 0.086589 0.123047
6 0.221354 0.375488 0.091797 0.130859
6 0.106608 0.940186 0.084961 0.119629
6 0.150228 0.305176 0.081706 0.133789
9 0.232096 0.905518 0.093099 0.123535
6 0.072266 0.521973 0.086589 0.152344
6 0.523763 0.798096 0.076172 0.108887
6 0.409668 0.223145 0.095378 0.145508
6 0.303548 0.121338 0.097331 0.131348
6 0.656413 0.321777 0.083659 0.127930
6 0.855306 0.745117 0.089518 0.116211
5 0.802409 0.474365 0.091797 0.125488
6 0.959961 0.444580 0.080078 0.156738
6 0.556478 0.090332 0.082357 0.128906
6 0.095540 0.088867 0.092773 0.130859
6 0.243978 0.074463 0.088867 0.112793
6 0.627441 0.092773 0.074544 0.125977
6 0.037272 0.673828 0.074544 0.110352
6 0.561361 0.206543 0.098633 0.116211
6 0.859375 0.603516 0.062500 0.124023
6 0.574382 0.387939 0.087565 0.114746
8 0.512695 0.931152 0.078776 0.123047
6 0.875814 0.918213 0.075846 0.118652
6 0.378906 0.384521 0.072917 0.137207
6 0.593099 0.648193 0.078776 0.119629
6 0.045736 0.187012 0.090169 0.118164
6 0.278483 0.516113 0.081706 0.136719
6 0.906738 0.233398 0.086263 0.138672
6 0.805013 0.927490 0.081380 0.105957
6 0.724609 0.789062 0.069661 0.090820
6 0.157064 0.785645 0.100586 0.165039
5 0.890299 0.044678 0.084635 0.089355
6 0.313639 0.253662 0.084961 0.134277
6 0.309408 0.396973 0.079753 0.135742
6 0.818359 0.213135 0.091797 0.155762
6 0.466797 0.487793 0.086589 0.107422
6 0.690104 0.681152 0.080078 0.116211
6 0.762207 0.715820 0.076497 0.100586
6 0.052246 0.300537 0.104492 0.130371
6 0.514160 0.692627 0.087565 0.109863
6 0.599447 0.474121 0.087565 0.123047
6 0.440592 0.803223 0.084961 0.114258
6 0.931152 0.567383 0.083659 0.093750
6 0.592611 0.757324 0.060872 0.124023
9 0.921875 0.677734 0.083333 0.128906
6 0.356934 0.785400 0.084310 0.138184
6 0.384440 0.601807 0.080729 0.111816
6 0.572754 0.297607 0.084961 0.087402
6 0.035807 0.384277 0.071615 0.129883
6 0.406087 0.895508 0.088867 0.097656
6 0.810872 0.671143 0.071615 0.081543
6 0.661621 0.170654 0.091471 0.144043
6 0.776367 0.605469 0.098307 0.118164
6 0.666341 0.860840 0.081380 0.095703
6 0.396322 0.700195 0.093424 0.094727
6 0.806803 0.849121 0.094076 0.094727
6 0.656250 0.770508 0.076823 0.116211
8 0.809733 0.781006 0.081055 0.073730
6 0.462891 0.384033 0.070964 0.109863
5 0.523763 0.427246 0.056641 0.155273
9 0.441081 0.575928 0.066406 0.150879
