9 0.245768 0.548584 0.089193 0.144043
5 0.688477 0.522217 0.102865 0.159668
6 0.664714 0.335449 0.098958 0.126953
6 0.386393 0.214600 0.101562 0.145020
5 0.386882 0.458496 0.097331 0.148438
6 0.837728 0.643066 0.101888 0.132812
9 0.949382 0.437500 0.101237 0.177734
6 0.842611 0.529297 0.083659 0.102539
6 0.476562 0.104004 0.127604 0.154297
6 0.174154 0.499756 0.089193 0.139160
6 0.573893 0.367920 0.078125 0.156738
6 0.460124 0.276855 0.073242 0.130859
6 0.769206 0.592041 0.085938 0.130371
10 0.623861 0.460205 0.101888 0.168457
5 0.356445 0.550537 0.104818 0.113770
9 0.726725 0.408691 0.097331 0.135742
6 0.473796 0.450684 0.083659 0.176758
6 0.792318 0.472412 0.094401 0.114746
6 0.525879 0.418945 0.076497 0.158203
