9 0.097005 0.203857 0.114583 0.156738
6 0.088216 0.339844 0.089844 0.127930
5 0.819173 0.661621 0.101237 0.151367
6 0.379557 0.241699 0.080078 0.129883
5 0.477539 0.842773 0.095703 0.149414
6 0.559733 0.202637 0.084310 0.129883
6 0.138997 0.402588 0.083984 0.129395
6 0.963704 0.357666 0.072591 0.139160
6 0.731120 0.398438 0.106771 0.129883
6 0.809082 0.250732 0.078451 0.134277
9 0.718587 0.170166 0.086263 0.113770
9 0.713053 0.282959 0.114258 0.127441
6 0.787109 0.120117 0.082682 0.110352
6 0.701172 0.071777 0.084635 0.101562
6 0.447266 0.324463 0.100911 0.113770
6 0.460612 0.218994 0.089193 0.119629
6 0.114095 0.866455 0.086263 0.146973
6 0.631022 0.193359 0.071940 0.149414
9 0.514486 0.079346 0.107747 0.150879
