9 0.778646 0.403564 0.096354 0.120605
6 0.870605 0.831299 0.086914 0.138184
5 0.305501 0.554443 0.088867 0.116699
5 0.355306 0.791016 0.088867 0.141602
6 0.222656 0.654297 0.089844 0.130859
5 0.467122 0.611328 0.096354 0.166016
5 0.614095 0.174805 0.090820 0.138672
9 0.278646 0.453857 0.096354 0.136230
5 0.393717 0.622070 0.080404 0.151367
6 0.220866 0.528320 0.077799 0.130859
6 0.098307 0.655762 0.091146 0.133789
6 0.426107 0.339600 0.095052 0.145996
9 0.822428 0.614746 0.081706 0.114258
6 0.191243 0.809570 0.088867 0.129883
5 0.665527 0.324951 0.093424 0.119629
5 0.280599 0.812256 0.079427 0.141113
6 0.294596 0.156982 0.102865 0.149902
5 0.853516 0.509766 0.098958 0.126953
6 0.569987 0.311035 0.085938 0.130859
6 0.653809 0.753662 0.090820 0.124512
5 0.504557 0.516357 0.092448 0.123535
5 0.343587 0.364990 0.088216 0.134277
6 0.310710 0.678467 0.093424 0.120605
5 0.715658 0.805176 0.081706 0.140625
9 0.635579 0.641846 0.094727 0.128418
5 0.799479 0.754150 0.081380 0.118652
6 0.786947 0.855957 0.078451 0.129883
8 0.549642 0.668213 0.096680 0.166504
5 0.516764 0.216064 0.107096 0.106934
6 0.430827 0.164795 0.084961 0.114746
9 0.554362 0.462891 0.085286 0.118164
5 0.649902 0.462402 0.081055 0.121094
6 0.522624 0.118408 0.088216 0.109863
6 0.683268 0.081787 0.097656 0.110840
5 0.692871 0.561035 0.077799 0.108398
6 0.406413 0.462402 0.114258 0.123047
6 0.215169 0.921143 0.104818 0.135254
9 0.778483 0.565430 0.079753 0.127930
9 0.857422 0.694580 0.087240 0.129395
5 0.705729 0.923584 0.096354 0.112793
6 0.676921 0.244385 0.083008 0.078613
6 0.457845 0.059326 0.098633 0.106934
5 0.580241 0.856689 0.097331 0.130371
9 0.750651 0.484619 0.094401 0.088379
6 0.511393 0.385010 0.086589 0.116699
6 0.599609 0.921387 0.085938 0.097656
6 0.729980 0.667236 0.085612 0.105957
5 0.467285 0.281494 0.110352 0.100098
6 0.934082 0.676514 0.083659 0.146973
6 0.419108 0.939453 0.099935 0.112305
6 0.606934 0.028809 0.087565 0.057617
