5 0.591309 0.546631 0.099284 0.171387
6 0.162272 0.701904 0.087565 0.159668
6 0.293457 0.305420 0.083008 0.168457
9 0.708496 0.353760 0.103190 0.173340
6 0.169271 0.200439 0.092448 0.132324
10 0.099609 0.181641 0.076172 0.125000
9 0.730632 0.504395 0.087565 0.131836
6 0.443034 0.441895 0.080078 0.127930
6 0.217936 0.285156 0.085612 0.157227
6 0.574707 0.359863 0.088867 0.131836
5 0.786947 0.318848 0.085612 0.158203
6 0.360840 0.282959 0.083008 0.176270
6 0.134603 0.311035 0.086914 0.129883
6 0.875326 0.322510 0.097005 0.128418
5 0.656738 0.468750 0.090820 0.125977
9 0.368978 0.450439 0.073893 0.148926
6 0.603190 0.248779 0.095703 0.117676
9 0.432454 0.317627 0.086914 0.138184
6 0.236003 0.686035 0.068359 0.119141
6 0.650228 0.330566 0.063477 0.133789
6 0.830404 0.414795 0.089193 0.113770
6 0.648112 0.738037 0.106120 0.152832
6 0.094564 0.527100 0.110352 0.135254
