6 0.742188 0.301025 0.082031 0.130371
6 0.835612 0.110840 0.078776 0.113281
6 0.840983 0.717041 0.099284 0.122559
6 0.743001 0.540771 0.095378 0.119629
6 0.580078 0.483398 0.085938 0.119141
5 0.579590 0.364990 0.076497 0.129395
6 0.869629 0.340332 0.081706 0.126953
5 0.363118 0.435547 0.094727 0.150391
6 0.647135 0.348633 0.080078 0.132812
6 0.540690 0.697266 0.099609 0.145508
6 0.811035 0.409424 0.082357 0.103027
6 0.252767 0.403809 0.096029 0.135742
6 0.068197 0.424561 0.088216 0.141113
6 0.757324 0.097412 0.084310 0.137207
8 0.501465 0.391357 0.083659 0.135254
6 0.713542 0.413818 0.091797 0.120605
6 0.215658 0.296143 0.091471 0.115723
6 0.857096 0.821777 0.091146 0.106445
6 0.632161 0.739258 0.089844 0.132812
6 0.723145 0.697754 0.084961 0.123047
6 0.104492 0.693115 0.099609 0.140137
6 0.758464 0.776123 0.092448 0.110840
6 0.618490 0.607178 0.116536 0.123535
6 0.164388 0.400391 0.087240 0.139648
6 0.436198 0.487305 0.087240 0.146484
6 0.665853 0.489258 0.101237 0.115234
6 0.885742 0.059814 0.091797 0.115723
6 0.847819 0.469238 0.095378 0.116211
6 0.862142 0.928467 0.089518 0.103027
6 0.798828 0.210938 0.091797 0.095703
6 0.812500 0.303467 0.074219 0.116699
6 0.769206 0.893799 0.087891 0.114746
