6 0.425781 0.353027 0.097656 0.139648
6 0.156413 0.834229 0.088867 0.129395
6 0.960775 0.155762 0.078451 0.161133
6 0.850749 0.813721 0.090820 0.156738
6 0.219727 0.089111 0.107422 0.143066
6 0.382812 0.140625 0.093750 0.130859
6 0.376302 0.265137 0.104167 0.119141
6 0.909505 0.626221 0.093099 0.131348
6 0.891764 0.177490 0.086263 0.129395
6 0.071777 0.861084 0.101237 0.130371
6 0.204427 0.380371 0.106120 0.150391
5 0.056966 0.280029 0.089844 0.137207
6 0.489095 0.739502 0.090820 0.137207
6 0.791016 0.654541 0.106120 0.116699
6 0.338867 0.381836 0.095052 0.127930
6 0.096191 0.734375 0.096680 0.119141
9 0.588053 0.796875 0.098633 0.139648
6 0.754232 0.570801 0.115234 0.120117
