5 0.259928 0.355469 0.094076 0.151367
6 0.396484 0.724609 0.086589 0.119141
6 0.401530 0.466797 0.093424 0.144531
6 0.884928 0.169678 0.090820 0.120605
6 0.629069 0.128174 0.096680 0.122559
5 0.522624 0.469727 0.105794 0.133789
5 0.622884 0.274658 0.101888 0.160645
6 0.742188 0.709229 0.087240 0.130371
6 0.364258 0.172119 0.090495 0.132324
6 0.881510 0.393066 0.094401 0.102539
6 0.068197 0.350830 0.084961 0.107910
6 0.079915 0.453369 0.087565 0.121582
6 0.641113 0.531250 0.094076 0.131836
9 0.840658 0.296631 0.111003 0.133301
6 0.253092 0.860596 0.092773 0.136230
6 0.706380 0.209473 0.080729 0.118164
6 0.925781 0.267334 0.082682 0.120605
6 0.736328 0.322510 0.087240 0.129395
6 0.457031 0.640869 0.088542 0.138184
5 0.832031 0.096680 0.087891 0.133789
9 0.188151 0.929688 0.115234 0.135742
6 0.235352 0.681641 0.086589 0.126953
6 0.749674 0.095459 0.085938 0.119629
6 0.507161 0.373047 0.080078 0.095703
6 0.865560 0.487305 0.085938 0.108398
6 0.107585 0.054688 0.088216 0.109375
