5 0.557454 0.070068 0.077799 0.122559
6 0.609538 0.148193 0.075846 0.110840
6 0.911296 0.085938 0.097331 0.132812
6 0.247721 0.513672 0.098307 0.117188
6 0.293132 0.833740 0.094727 0.136230
6 0.584310 0.406250 0.098307 0.108398
6 0.958008 0.492676 0.083984 0.121094
6 0.139160 0.317627 0.097331 0.144043
6 0.957031 0.239502 0.082031 0.124512
6 0.193522 0.619141 0.096029 0.121094
6 0.753743 0.106689 0.103190 0.104980
6 0.791504 0.572021 0.080404 0.145996
6 0.816732 0.343994 0.088542 0.133301
6 0.602865 0.615967 0.087891 0.128418
5 0.407227 0.570068 0.099609 0.126465
9 0.173340 0.525391 0.090820 0.131836
9 0.647298 0.529053 0.089518 0.117676
6 0.740885 0.907715 0.095703 0.150391
6 0.545410 0.299561 0.099284 0.121582
6 0.775391 0.227783 0.089844 0.143066
6 0.547526 0.183105 0.093750 0.103516
6 0.243490 0.391846 0.100260 0.138184
6 0.716960 0.582520 0.077799 0.116211
6 0.920085 0.434082 0.105143 0.112305
10 0.262044 0.940674 0.097005 0.118652
6 0.353027 0.056641 0.098633 0.113281
6 0.622559 0.305420 0.060872 0.115723
6 0.695312 0.309814 0.102214 0.136230
6 0.646159 0.054199 0.089844 0.097656
6 0.869303 0.193604 0.094727 0.103027
6 0.925293 0.343018 0.097982 0.092285
9 0.875326 0.291504 0.086589 0.127930
6 0.688314 0.944580 0.093424 0.110840
6 0.677246 0.679932 0.081706 0.116699
