6 0.348145 0.532227 0.097331 0.136719
8 0.043132 0.676514 0.081706 0.109863
6 0.707357 0.133057 0.102865 0.161621
9 0.652018 0.391113 0.110026 0.161133
6 0.251302 0.432617 0.091146 0.128906
6 0.348145 0.401123 0.093424 0.127441
6 0.660482 0.613525 0.089193 0.156738
6 0.544596 0.271973 0.101562 0.129883
9 0.585775 0.458252 0.102539 0.157715
6 0.587565 0.641113 0.078125 0.150391
8 0.185059 0.834717 0.088867 0.122559
5 0.511882 0.645996 0.088867 0.137695
6 0.427083 0.076904 0.112630 0.153809
8 0.439779 0.641113 0.061849 0.103516
8 0.536133 0.893066 0.064453 0.097656
