6 0.336263 0.494873 0.107422 0.133301
10 0.640137 0.179932 0.079102 0.137207
6 0.468262 0.399414 0.088867 0.139648
8 0.120443 0.618896 0.091797 0.122559
8 0.028158 0.049805 0.055664 0.099609
6 0.345703 0.318115 0.089193 0.146973
6 0.467611 0.774170 0.080404 0.130371
6 0.890462 0.219727 0.096029 0.165039
6 0.792318 0.209229 0.095052 0.157715
9 0.540690 0.517822 0.098307 0.135254
5 0.282227 0.066650 0.097005 0.130371
9 0.368815 0.737061 0.087240 0.147949
6 0.166016 0.165039 0.080078 0.105469
6 0.512207 0.683838 0.093424 0.127441
8 0.725749 0.354980 0.073893 0.125000
6 0.033366 0.199463 0.066732 0.130371
6 0.209961 0.844238 0.090495 0.117188
9 0.092611 0.239990 0.080404 0.151855
6 0.198242 0.281738 0.074219 0.125977
6 0.107422 0.813965 0.100260 0.139648
6 0.618001 0.310059 0.103190 0.125977
6 0.664551 0.066650 0.093424 0.125488
8 0.354329 0.173096 0.079753 0.111816
6 0.170247 0.716797 0.094401 0.116211
6 0.569987 0.145020 0.088542 0.146484
5 0.237630 0.668213 0.081380 0.146973
6 0.638509 0.924805 0.097331 0.150391
6 0.226400 0.396973 0.084310 0.150391
8 0.572917 0.758545 0.071615 0.100098
8 0.171875 0.900635 0.063151 0.083496
10 0.301432 0.657227 0.081380 0.142578
8 0.287923 0.405762 0.058919 0.101562
6 0.554036 0.918213 0.083984 0.116699
6 0.140137 0.309570 0.086263 0.160156
6 0.343913 0.959961 0.088867 0.080078
8 0.517090 0.874756 0.068685 0.095215
