9 0.149414 0.462646 0.089844 0.142090
9 0.578451 0.334473 0.073568 0.159180
5 0.516927 0.335693 0.063151 0.158691
9 0.732259 0.457031 0.101888 0.127930
5 0.715820 0.238770 0.101562 0.121094
9 0.318685 0.283691 0.091146 0.134766
9 0.727051 0.656006 0.096029 0.157715
6 0.635091 0.879150 0.089844 0.143066
9 0.486003 0.160156 0.100260 0.146484
9 0.922363 0.774170 0.101888 0.131348
5 0.545247 0.766602 0.091797 0.143555
6 0.909993 0.437256 0.105794 0.196777
6 0.277995 0.682373 0.098958 0.144043
9 0.858724 0.583984 0.085286 0.138672
5 0.446126 0.310791 0.083659 0.129395
5 0.487142 0.704590 0.077148 0.125977
6 0.479167 0.898438 0.086589 0.136719
9 0.522461 0.491943 0.100911 0.142090
6 0.381510 0.386963 0.096354 0.165527
6 0.406738 0.600586 0.086263 0.121094
9 0.067383 0.465576 0.083333 0.132324
6 0.839193 0.154053 0.082682 0.120605
6 0.108236 0.697510 0.075846 0.145996
6 0.687988 0.552002 0.084310 0.128418
6 0.616699 0.682861 0.088867 0.155762
6 0.924316 0.154541 0.074544 0.124512
6 0.600098 0.558594 0.086914 0.120117
6 0.460775 0.425049 0.078451 0.115723
6 0.909342 0.645752 0.075195 0.123535
6 0.165690 0.747559 0.098958 0.153320
9 0.752930 0.876221 0.093750 0.139160
5 0.676270 0.749756 0.086263 0.114746
5 0.779460 0.563477 0.081055 0.133789
9 0.662109 0.383789 0.087240 0.129883
5 0.881999 0.241455 0.085612 0.126465
5 0.914714 0.050537 0.078776 0.101074
6 0.809245 0.699951 0.088542 0.119629
6 0.415853 0.714844 0.086914 0.129883
6 0.676758 0.117188 0.084635 0.125000
5 0.048828 0.570312 0.090495 0.106445
5 0.804850 0.812744 0.093424 0.126465
9 0.625488 0.283691 0.092122 0.125977
5 0.513835 0.616943 0.086263 0.110840
6 0.611654 0.060059 0.106120 0.120117
9 0.755697 0.169922 0.086263 0.118164
5 0.445150 0.544434 0.085612 0.120117
6 0.939616 0.318115 0.090820 0.121582
5 0.046875 0.677490 0.079427 0.127441
6 0.734701 0.341797 0.095703 0.108398
8 0.812174 0.302002 0.070312 0.134277
5 0.800456 0.089844 0.089193 0.114258
6 0.621582 0.454834 0.091471 0.105957
6 0.347819 0.751953 0.066081 0.136719
9 0.416992 0.835449 0.092448 0.113281
6 0.625977 0.182129 0.095703 0.110352
5 0.727051 0.047607 0.072591 0.095215
