5 0.579427 0.637939 0.091146 0.137207
5 0.428223 0.152100 0.100586 0.130371
6 0.307454 0.294189 0.080404 0.148926
6 0.592122 0.184082 0.088542 0.119141
6 0.715983 0.829102 0.090169 0.130859
5 0.660156 0.535156 0.099609 0.156250
5 0.565267 0.481201 0.105143 0.162598
6 0.727051 0.722168 0.085612 0.126953
6 0.492839 0.605713 0.094401 0.132324
6 0.376139 0.523438 0.096680 0.158203
9 0.232422 0.276123 0.085286 0.154785
6 0.769368 0.640381 0.098633 0.133301
6 0.640137 0.777588 0.082357 0.152832
6 0.703613 0.332764 0.094727 0.176270
6 0.185059 0.087402 0.099284 0.145508
9 0.465983 0.500732 0.079102 0.131348
5 0.615885 0.297607 0.083984 0.138184
5 0.433594 0.265625 0.094401 0.114258
6 0.787923 0.359375 0.087565 0.125977
5 0.812012 0.783691 0.069987 0.126953
12 0.263672 0.022217 0.052083 0.044434
