9 0.735840 0.285156 0.092122 0.159180
5 0.324056 0.643066 0.090820 0.152344
9 0.641276 0.350586 0.106771 0.173828
6 0.760905 0.623291 0.099284 0.166504
6 0.624023 0.066895 0.101562 0.130859
6 0.399414 0.622314 0.092448 0.194824
6 0.845052 0.063965 0.098958 0.127930
6 0.690918 0.580566 0.088216 0.145508
6 0.589355 0.194580 0.092773 0.113770
6 0.505046 0.155762 0.088867 0.121094
6 0.564290 0.301514 0.091471 0.130371
6 0.662598 0.227539 0.080404 0.111328
5 0.334961 0.847656 0.100911 0.128906
6 0.308431 0.744141 0.108398 0.128906
12 0.328939 0.936035 0.081706 0.063477
