9 0.064616 0.773193 0.097982 0.145020
6 0.352702 0.281982 0.086914 0.144043
9 0.614909 0.827637 0.087891 0.146484
5 0.849609 0.310303 0.086589 0.135254
6 0.032552 0.578613 0.065104 0.115234
6 0.641602 0.683105 0.087240 0.136719
5 0.478353 0.793213 0.083008 0.133301
9 0.600423 0.187012 0.085612 0.153320
8 0.361979 0.605713 0.107422 0.145996
5 0.532552 0.289062 0.106771 0.154297
5 0.781413 0.287598 0.073242 0.146484
5 0.753906 0.157715 0.075521 0.121094
9 0.836751 0.180420 0.092122 0.131348
9 0.033854 0.454590 0.067708 0.148438
5 0.080566 0.657959 0.084961 0.118652
6 0.389811 0.407227 0.103190 0.143555
5 0.334473 0.834473 0.082357 0.125000
5 0.473958 0.183350 0.096354 0.123535
6 0.423503 0.691895 0.095703 0.112305
6 0.659668 0.082520 0.123372 0.127930
6 0.314128 0.489014 0.104818 0.120605
9 0.283854 0.666992 0.088542 0.153320
6 0.706055 0.283447 0.086589 0.144043
8 0.095703 0.515381 0.072917 0.147949
6 0.254557 0.321533 0.086589 0.129395
6 0.332520 0.733154 0.083008 0.103027
5 0.932943 0.608887 0.108724 0.147461
6 0.250651 0.830078 0.096354 0.167969
9 0.277507 0.399658 0.109701 0.124512
9 0.435059 0.288818 0.083008 0.144043
5 0.402669 0.794922 0.075521 0.140625
5 0.677409 0.195557 0.082682 0.122559
9 0.542806 0.112061 0.092773 0.165527
6 0.714355 0.808350 0.114258 0.125488
9 0.873861 0.736328 0.097982 0.161133
