6 0.721191 0.426758 0.092773 0.141602
6 0.277018 0.625488 0.117188 0.168945
6 0.917969 0.707031 0.103516 0.149414
9 0.406576 0.305176 0.108724 0.127930
8 0.066732 0.410645 0.085286 0.119141
6 0.308757 0.126221 0.096680 0.120605
6 0.369954 0.199951 0.092122 0.130371
6 0.803060 0.342285 0.103516 0.149414
5 0.552572 0.267578 0.103841 0.117188
5 0.566895 0.430664 0.101888 0.143555
6 0.339355 0.726318 0.097331 0.134277
9 0.559408 0.153564 0.116211 0.149902
5 0.298991 0.255859 0.081055 0.142578
6 0.459310 0.209717 0.088542 0.140137
6 0.058919 0.805176 0.102865 0.142578
6 0.319824 0.845947 0.103841 0.133301
5 0.424154 0.640869 0.101562 0.137207
8 0.891602 0.533203 0.070964 0.117188
8 0.234049 0.281494 0.063151 0.116699
10 0.441081 0.538330 0.102214 0.112793
6 0.817383 0.936523 0.095703 0.121094
