5 0.548828 0.730225 0.082682 0.143066
5 0.787598 0.289062 0.081055 0.142578
9 0.725749 0.772705 0.096680 0.163574
5 0.149414 0.183594 0.096354 0.132812
9 0.455729 0.843750 0.089844 0.118164
9 0.856934 0.644287 0.125977 0.164551
5 0.135905 0.806885 0.090169 0.132324
9 0.256022 0.454590 0.092122 0.160156
5 0.115072 0.400146 0.098633 0.139160
6 0.588216 0.490967 0.080729 0.111816
6 0.049316 0.688965 0.098633 0.131836
5 0.794434 0.716797 0.092122 0.140625
5 0.709310 0.282959 0.081380 0.138184
6 0.579102 0.373291 0.090495 0.130371
6 0.439290 0.526611 0.094076 0.126465
6 0.744303 0.442627 0.078451 0.163574
5 0.637533 0.786133 0.091471 0.129883
5 0.970703 0.343018 0.057943 0.133301
5 0.419271 0.753906 0.092448 0.125000
9 0.668620 0.401123 0.096354 0.143066
6 0.173828 0.464355 0.083333 0.136719
6 0.288249 0.753174 0.090820 0.133301
5 0.596354 0.084961 0.087891 0.144531
5 0.045410 0.805664 0.090820 0.128906
5 0.131999 0.281006 0.092773 0.108887
6 0.941569 0.446533 0.075846 0.135254
5 0.516439 0.470215 0.077148 0.126953
6 0.363281 0.437988 0.082682 0.139648
8 0.330404 0.521729 0.087240 0.099121
5 0.590007 0.620117 0.099935 0.128906
6 0.817220 0.450439 0.084961 0.146973
5 0.327962 0.711670 0.097331 0.135254
6 0.482910 0.649658 0.090169 0.129395
5 0.672201 0.515381 0.082031 0.098145
8 0.637695 0.700439 0.076823 0.075684
5 0.696777 0.614746 0.103190 0.145508
5 0.435059 0.193848 0.104492 0.137695
5 0.217285 0.656738 0.088867 0.136719
6 0.321289 0.607178 0.097005 0.090332
5 0.463704 0.060547 0.089518 0.121094
6 0.185547 0.757324 0.110026 0.140625
6 0.539714 0.053955 0.070312 0.107910
9 0.884603 0.267578 0.100586 0.167969
