9 0.217285 0.709961 0.118164 0.146484
6 0.944824 0.617432 0.109701 0.140137
6 0.614258 0.753174 0.097005 0.159668
6 0.365723 0.340576 0.086263 0.119629
6 0.346029 0.450439 0.093750 0.110840
9 0.147786 0.545898 0.107422 0.131836
9 0.298828 0.610840 0.083333 0.130859
5 0.360189 0.551758 0.083659 0.117188
5 0.413086 0.477783 0.092448 0.137207
6 0.677734 0.723877 0.080078 0.102051
6 0.310872 0.280029 0.108073 0.134277
5 0.674316 0.462646 0.116211 0.133301
5 0.143555 0.656250 0.093099 0.126953
6 0.295573 0.164795 0.102865 0.133301
5 0.746257 0.585449 0.096029 0.181641
5 0.685384 0.370605 0.103841 0.118164
6 0.654297 0.581299 0.073568 0.113770
6 0.222819 0.575928 0.067383 0.115723
