6 0.137044 0.754395 0.090495 0.105469
6 0.048177 0.318848 0.095703 0.147461
9 0.592611 0.850098 0.116862 0.179688
6 0.583496 0.598145 0.080404 0.129883
6 0.831543 0.924072 0.088216 0.138184
6 0.245443 0.885254 0.093099 0.117188
6 0.213053 0.683350 0.090169 0.124512
6 0.776204 0.622070 0.081706 0.140625
5 0.655599 0.624512 0.101562 0.128906
5 0.151042 0.872803 0.085286 0.124512
6 0.413574 0.258545 0.097331 0.147949
5 0.338542 0.600342 0.090495 0.137207
6 0.849121 0.605225 0.077799 0.120605
5 0.093099 0.827148 0.091146 0.125000
5 0.875000 0.717773 0.079427 0.134766
6 0.360026 0.064209 0.096354 0.128418
6 0.642904 0.731445 0.093750 0.106445
6 0.243815 0.775879 0.098307 0.105469
6 0.048014 0.122314 0.092773 0.112793
6 0.937988 0.675537 0.069987 0.130371
6 0.972982 0.636719 0.054036 0.119141
6 0.931641 0.809814 0.093099 0.114746
9 0.966960 0.057617 0.066081 0.115234
