6 0.583496 0.451660 0.101237 0.130859
6 0.257324 0.762939 0.102539 0.149902
6 0.675293 0.133057 0.104492 0.148926
6 0.628418 0.758301 0.092773 0.146484
6 0.242513 0.473633 0.104818 0.162109
9 0.522949 0.341797 0.098633 0.161133
6 0.316406 0.517578 0.119792 0.156250
5 0.385254 0.398438 0.122070 0.164062
6 0.742513 0.082520 0.093099 0.160156
6 0.645345 0.342285 0.091471 0.118164
8 0.445638 0.189453 0.098307 0.148438
6 0.340983 0.614990 0.107096 0.107910
12 0.416178 0.067139 0.048503 0.070801
12 0.384928 0.550537 0.039388 0.059082
