5 0.641927 0.732910 0.067057 0.119141
5 0.282552 0.751465 0.088542 0.139648
6 0.510254 0.670898 0.090169 0.126953
6 0.843587 0.321533 0.083008 0.115723
6 0.715983 0.727295 0.085612 0.145996
6 0.231120 0.809326 0.082682 0.122559
6 0.882487 0.392822 0.087891 0.124512
5 0.592122 0.681885 0.079427 0.123535
6 0.608398 0.818359 0.083984 0.109375
6 0.219238 0.560547 0.081055 0.119141
6 0.535156 0.779297 0.081380 0.116211
6 0.030436 0.190918 0.060872 0.138672
6 0.086100 0.144287 0.081055 0.118652
5 0.073568 0.267334 0.098958 0.125488
