6 0.076497 0.619873 0.101562 0.156738
6 0.172689 0.643066 0.094076 0.142578
5 0.541667 0.657471 0.107422 0.149902
6 0.448079 0.898193 0.093424 0.150879
6 0.320312 0.875000 0.106771 0.154297
6 0.934082 0.374023 0.094076 0.132812
6 0.043783 0.470703 0.087565 0.150391
6 0.919596 0.188965 0.093750 0.126953
6 0.361491 0.509277 0.094076 0.168945
5 0.466797 0.760254 0.096354 0.142578
6 0.435872 0.459229 0.100260 0.171387
6 0.209147 0.747070 0.092773 0.128906
5 0.701009 0.500977 0.093424 0.158203
6 0.262858 0.563965 0.102539 0.153320
6 0.848958 0.380615 0.091797 0.161621
6 0.784831 0.474854 0.091146 0.139160
6 0.666829 0.653076 0.107096 0.134277
6 0.829427 0.597656 0.100911 0.130859
5 0.952311 0.277588 0.094727 0.131348
6 0.555664 0.780762 0.083333 0.105469
5 0.537272 0.920166 0.094727 0.131348
