5 0.927734 0.629883 0.088542 0.139648
5 0.793620 0.350586 0.098307 0.133789
6 0.274740 0.333008 0.086589 0.113281
6 0.813965 0.463623 0.084961 0.120605
6 0.883952 0.305664 0.077148 0.127930
6 0.298828 0.429932 0.097005 0.125488
6 0.168132 0.508545 0.101888 0.151855
6 0.355469 0.604980 0.087240 0.129883
9 0.617513 0.495117 0.103516 0.154297
5 0.084798 0.577148 0.088867 0.138672
6 0.702148 0.353516 0.077474 0.115234
9 0.493490 0.616211 0.078776 0.148438
6 0.427572 0.546143 0.094727 0.126465
6 0.959635 0.306885 0.080078 0.139160
6 0.889648 0.434814 0.078125 0.123535
6 0.427572 0.666016 0.085612 0.113281
6 0.836751 0.607178 0.101237 0.118652
8 0.981120 0.583008 0.037109 0.121094
