6 0.504069 0.542725 0.075846 0.122559
5 0.784017 0.439697 0.083659 0.129395
6 0.616048 0.376709 0.085612 0.118652
6 0.768717 0.284912 0.099284 0.143066
6 0.603027 0.490234 0.094727 0.116211
6 0.854818 0.390381 0.087891 0.128418
6 0.104818 0.948486 0.084635 0.103027
6 0.183757 0.657227 0.088216 0.137695
6 0.577962 0.634033 0.086263 0.123535
6 0.331055 0.411865 0.092448 0.145996
5 0.687174 0.416504 0.090495 0.151367
6 0.245768 0.603271 0.082031 0.136230
6 0.037760 0.881836 0.075521 0.147461
5 0.479818 0.432129 0.093099 0.118164
6 0.515299 0.693115 0.093099 0.134277
6 0.429688 0.545654 0.083984 0.126465
6 0.070312 0.714844 0.074870 0.151367
6 0.139811 0.742676 0.077799 0.135742
6 0.193848 0.811035 0.069987 0.149414
6 0.647786 0.265869 0.096354 0.130371
6 0.388346 0.480957 0.094401 0.137695
6 0.262207 0.776367 0.083008 0.125977
6 0.124837 0.866943 0.081055 0.093262
6 0.297363 0.652100 0.090820 0.130371
6 0.388346 0.751709 0.089193 0.122559
6 0.329915 0.798340 0.077148 0.132812
6 0.848633 0.218994 0.077474 0.141113
6 0.270020 0.873291 0.091471 0.098145
