6 0.046549 0.300781 0.093099 0.140625
6 0.602376 0.475830 0.081706 0.137207
5 0.594889 0.819824 0.097982 0.140625
6 0.653320 0.652344 0.093099 0.143555
6 0.075195 0.642334 0.088542 0.139160
5 0.458822 0.506592 0.086914 0.141113
5 0.760905 0.508057 0.086263 0.150879
6 0.926921 0.161133 0.103841 0.127930
5 0.281738 0.541992 0.103841 0.159180
9 0.207682 0.484375 0.109375 0.148438
5 0.227702 0.374268 0.093424 0.104980
9 0.831217 0.555664 0.088867 0.132812
9 0.286458 0.147461 0.087891 0.139648
9 0.097331 0.495361 0.107422 0.143066
5 0.527995 0.463379 0.080729 0.154297
6 0.495605 0.369629 0.083008 0.113281
6 0.955078 0.254639 0.089193 0.136230
6 0.569661 0.616455 0.082031 0.142090
6 0.420898 0.394287 0.090495 0.123535
10 0.148438 0.335693 0.089844 0.138184
6 0.566406 0.291504 0.121745 0.135742
5 0.385742 0.512695 0.074870 0.131836
6 0.710286 0.184082 0.108724 0.171875
8 0.837402 0.425537 0.096029 0.131348
8 0.901530 0.533447 0.073893 0.116699
6 0.348958 0.361328 0.093099 0.148438
6 0.294922 0.282471 0.080078 0.128418
6 0.926270 0.353516 0.093424 0.100586
9 0.765137 0.094482 0.103190 0.136230
9 0.933919 0.450684 0.089844 0.133789
9 0.217122 0.191162 0.095703 0.116699
6 0.201172 0.275635 0.106120 0.098145
9 0.795736 0.266846 0.109701 0.114746
6 0.215169 0.082031 0.100260 0.099609
6 0.979329 0.544922 0.041341 0.148438
9 0.815430 0.322510 0.145182 0.143066
6 0.211589 0.691406 0.102214 0.167969
6 0.025879 0.220215 0.051758 0.106445
