6 0.631673 0.427246 0.099935 0.150391
5 0.524902 0.350098 0.107747 0.156250
5 0.643066 0.078857 0.097982 0.145020
6 0.674642 0.239990 0.103841 0.153809
6 0.272135 0.711914 0.105469 0.152344
6 0.478841 0.482422 0.102214 0.158203
6 0.572754 0.556641 0.092773 0.146484
6 0.466960 0.724609 0.104492 0.145508
6 0.336263 0.795898 0.132161 0.151367
6 0.560059 0.204590 0.097982 0.145508
6 0.048014 0.912842 0.096029 0.150879
9 0.172363 0.929199 0.107747 0.130859
6 0.173177 0.415039 0.138021 0.184570
8 0.252441 0.910889 0.092122 0.131348
