5 0.289714 0.448242 0.085938 0.133789
6 0.727214 0.078369 0.093099 0.135254
6 0.334147 0.807129 0.092122 0.125977
9 0.691895 0.609863 0.110352 0.183594
5 0.679525 0.231201 0.083659 0.133301
5 0.466471 0.417969 0.093750 0.124023
5 0.388997 0.202148 0.106120 0.129883
6 0.517090 0.529541 0.062174 0.138184
9 0.067708 0.378174 0.076172 0.130371
6 0.590007 0.545166 0.090820 0.150879
9 0.648600 0.094238 0.079102 0.134766
5 0.663086 0.367920 0.087240 0.142090
6 0.541178 0.870361 0.082357 0.123535
5 0.279297 0.708984 0.103516 0.140625
5 0.537435 0.072754 0.078776 0.133789
6 0.432780 0.789307 0.088216 0.119629
6 0.102214 0.157959 0.076823 0.136230
6 0.447591 0.534912 0.089844 0.131348
6 0.378255 0.430420 0.082682 0.114746
5 0.820150 0.115967 0.090169 0.122559
6 0.499349 0.173096 0.090495 0.122559
5 0.405273 0.083496 0.086589 0.134766
6 0.405762 0.627197 0.087565 0.108887
8 0.479818 0.273926 0.085938 0.126953
5 0.505371 0.661621 0.104492 0.125000
5 0.230469 0.319580 0.083984 0.120605
6 0.593587 0.197998 0.091471 0.135254
6 0.826497 0.230713 0.100911 0.129395
5 0.362956 0.539551 0.086589 0.117188
5 0.215169 0.456543 0.082682 0.140625
5 0.311035 0.627197 0.094076 0.104980
6 0.538086 0.747314 0.092448 0.109863
5 0.398600 0.906494 0.092773 0.131348
6 0.177897 0.199707 0.101888 0.136719
5 0.319499 0.332764 0.089518 0.144043
5 0.269043 0.559082 0.106445 0.105469
5 0.125326 0.434082 0.078125 0.130859
6 0.607747 0.422119 0.098958 0.139160
5 0.404134 0.313965 0.090820 0.116211
9 0.479167 0.921143 0.095703 0.151855
9 0.850586 0.859863 0.102214 0.155273
8 0.118815 0.288574 0.099609 0.098633
5 0.202637 0.098389 0.098633 0.131348
6 0.159831 0.355713 0.069010 0.096191
5 0.894857 0.094238 0.089193 0.125977
5 0.716471 0.950195 0.083333 0.090820
6 0.585938 0.286621 0.103516 0.113281
9 0.466960 0.067627 0.068034 0.116699
