6 0.754232 0.275146 0.078776 0.125488
6 0.484701 0.635254 0.105469 0.145508
6 0.278158 0.348877 0.091471 0.154785
6 0.965820 0.596191 0.067708 0.152344
6 0.740397 0.152832 0.098633 0.130859
6 0.367025 0.543945 0.100586 0.153320
6 0.299479 0.638184 0.098307 0.138672
6 0.245280 0.542725 0.096680 0.149902
6 0.083333 0.364502 0.108724 0.159668
5 0.674154 0.299316 0.093750 0.113281
6 0.121094 0.072754 0.096354 0.139648
6 0.298665 0.116455 0.096029 0.152832
8 0.353841 0.773682 0.100260 0.141113
8 0.190104 0.352783 0.097005 0.155762
8 0.173340 0.481934 0.082357 0.125000
6 0.751302 0.753174 0.093099 0.135254
5 0.671549 0.192383 0.087240 0.131836
8 0.895020 0.621582 0.090169 0.142578
6 0.654948 0.424805 0.084635 0.155273
6 0.727051 0.413086 0.072591 0.154297
