6 0.394206 0.703613 0.087240 0.157227
6 0.450521 0.861572 0.098958 0.145020
6 0.655924 0.426758 0.098307 0.162109
5 0.356608 0.270996 0.099935 0.151367
6 0.577311 0.635010 0.095378 0.141113
6 0.883789 0.146240 0.108073 0.158691
5 0.817220 0.273926 0.106445 0.167969
5 0.250488 0.571045 0.101888 0.164551
12 0.520020 0.818115 0.062174 0.107910
5 0.313802 0.393799 0.113281 0.162598
6 0.573242 0.889893 0.104167 0.151855
5 0.719889 0.376953 0.096029 0.159180
5 0.275716 0.931641 0.107422 0.128906
6 0.373535 0.489990 0.100586 0.155762
5 0.471029 0.726074 0.095052 0.133789
6 0.434733 0.446289 0.079102 0.146484
12 0.555990 0.557617 0.044271 0.050781
8 0.516927 0.479492 0.086589 0.125000
