9 0.152832 0.617920 0.104492 0.160645
6 0.720866 0.611328 0.096029 0.158203
6 0.190267 0.324463 0.099935 0.171387
5 0.798991 0.806152 0.101888 0.163086
6 0.419271 0.327881 0.100260 0.149902
6 0.873698 0.873535 0.092448 0.145508
5 0.278809 0.316650 0.084961 0.156738
9 0.574056 0.360596 0.133138 0.152832
6 0.340658 0.381836 0.096029 0.176758
6 0.431478 0.556396 0.094727 0.168457
6 0.755534 0.071777 0.085286 0.143555
6 0.576823 0.487061 0.108073 0.123535
9 0.527995 0.574463 0.113281 0.173340
6 0.830241 0.081787 0.090820 0.135254
