9 0.815755 0.687988 0.082031 0.150391
9 0.376628 0.562012 0.112630 0.133789
5 0.235514 0.616455 0.087565 0.158691
6 0.152018 0.580322 0.095703 0.141113
9 0.326660 0.646973 0.118164 0.165039
5 0.752930 0.775391 0.103516 0.132812
6 0.068848 0.566895 0.075846 0.135742
6 0.894694 0.726807 0.089518 0.158691
6 0.732585 0.661133 0.099284 0.116211
9 0.663574 0.750977 0.087565 0.158203
5 0.450195 0.668701 0.098307 0.142090
6 0.966471 0.750000 0.067057 0.180664
6 0.372721 0.762695 0.133464 0.117188
9 0.039714 0.491699 0.079427 0.130859
6 0.568685 0.698730 0.121094 0.153320
9 0.102376 0.399414 0.068685 0.154297
6 0.161458 0.461182 0.059896 0.135254
