6 0.544434 0.314941 0.083659 0.121094
9 0.637044 0.143066 0.105469 0.152344
6 0.729980 0.729492 0.080404 0.118164
6 0.757650 0.832764 0.075195 0.122559
6 0.083008 0.183105 0.088542 0.114258
5 0.826986 0.092041 0.091471 0.106934
9 0.668294 0.800049 0.106120 0.139160
6 0.432129 0.185791 0.088216 0.115723
9 0.788737 0.191650 0.074870 0.128418
6 0.704102 0.913574 0.087240 0.114258
9 0.861816 0.204102 0.080404 0.142578
6 0.113281 0.078369 0.080729 0.127441
6 0.411621 0.283447 0.092122 0.105957
6 0.486979 0.343506 0.070312 0.144043
6 0.040690 0.101074 0.078125 0.130859
6 0.419108 0.385498 0.095378 0.110840
6 0.507975 0.734619 0.110352 0.140137
6 0.915039 0.476318 0.089193 0.127441
12 0.638346 0.888916 0.065755 0.069824
9 0.151693 0.307373 0.117188 0.129395
