5 0.782389 0.926514 0.088867 0.129395
6 0.745605 0.625977 0.112956 0.166992
5 0.440755 0.729248 0.103516 0.175293
9 0.333984 0.462402 0.107422 0.164062
5 0.420736 0.323486 0.109701 0.157715
6 0.704753 0.103271 0.102865 0.140137
5 0.578288 0.527100 0.115560 0.113770
6 0.517904 0.614990 0.085938 0.122559
6 0.702962 0.809326 0.099935 0.115723
9 0.602051 0.742920 0.088216 0.123535
6 0.549479 0.263428 0.111979 0.133301
5 0.525716 0.731934 0.080078 0.128906
5 0.662598 0.598389 0.071940 0.141113
5 0.596354 0.628662 0.077474 0.111816
9 0.665202 0.205566 0.099284 0.145508
5 0.504883 0.364014 0.083333 0.132324
9 0.706055 0.712158 0.091146 0.102051
9 0.701986 0.922607 0.086914 0.125488
9 0.575846 0.424316 0.109375 0.119141
8 0.589193 0.173340 0.055990 0.111328
6 0.477865 0.490479 0.088542 0.134277
