6 0.906901 0.267334 0.099609 0.129395
5 0.735677 0.180908 0.097005 0.148926
9 0.354329 0.297607 0.117513 0.180176
5 0.336100 0.841553 0.114909 0.160645
5 0.930501 0.376953 0.096680 0.125000
6 0.031901 0.126953 0.063802 0.158203
6 0.444661 0.572510 0.085938 0.155762
6 0.608236 0.209229 0.129232 0.127441
5 0.950358 0.694824 0.097982 0.172852
5 0.208659 0.289062 0.110677 0.153320
9 0.591471 0.335938 0.111328 0.142578
6 0.882487 0.143799 0.087891 0.116699
10 0.688802 0.317139 0.089193 0.124512
5 0.515625 0.583740 0.069010 0.118652
6 0.139811 0.239258 0.097331 0.129883
6 0.302246 0.082031 0.088216 0.133789
6 0.238444 0.148438 0.081706 0.119141
9 0.215820 0.515869 0.088542 0.149902
8 0.729492 0.649414 0.061849 0.089844
12 0.302734 0.204834 0.071615 0.103027
9 0.651367 0.071777 0.121094 0.125000
