6 0.118001 0.430664 0.097331 0.135742
5 0.156250 0.520752 0.090495 0.125488
6 0.377441 0.395264 0.114258 0.149902
6 0.910645 0.604248 0.099284 0.143066
9 0.764160 0.425537 0.104492 0.164551
8 0.861165 0.276123 0.101888 0.113770
5 0.814290 0.362549 0.084961 0.130371
6 0.297363 0.609131 0.109701 0.142090
6 0.481771 0.326660 0.098307 0.152344
6 0.531250 0.627686 0.089193 0.129395
6 0.597331 0.336426 0.097005 0.136719
6 0.616048 0.623047 0.077799 0.117188
9 0.415690 0.596680 0.106771 0.150391
6 0.968587 0.312744 0.062826 0.162598
9 0.360189 0.525391 0.118164 0.140625
9 0.965332 0.502930 0.069336 0.159180
9 0.567220 0.525635 0.101237 0.127441
6 0.540365 0.424072 0.087891 0.118652
5 0.910482 0.333984 0.091797 0.116211
6 0.875000 0.509277 0.095703 0.098633
6 0.659505 0.414551 0.104167 0.144531
12 0.271810 0.498779 0.051432 0.076660
6 0.911947 0.430420 0.120117 0.106934
