5 0.125326 0.370117 0.095052 0.149414
6 0.672852 0.484619 0.084635 0.121582
9 0.597493 0.420654 0.114258 0.190918
6 0.231608 0.490234 0.101888 0.124023
6 0.863607 0.443848 0.100260 0.114258
6 0.086751 0.587402 0.097982 0.119141
5 0.150879 0.496094 0.070638 0.134766
5 0.755371 0.344971 0.078451 0.150879
6 0.885091 0.322266 0.082682 0.128906
5 0.551921 0.337158 0.086263 0.126465
6 0.472656 0.332764 0.073568 0.143066
5 0.083496 0.470215 0.074544 0.120117
5 0.873372 0.558105 0.095052 0.131836
6 0.704264 0.385742 0.088867 0.136719
6 0.956543 0.431396 0.086914 0.122559
5 0.205729 0.389160 0.076823 0.108398
8 0.214681 0.302979 0.059570 0.087402
8 0.405436 0.360596 0.077148 0.147949
5 0.959635 0.313477 0.080729 0.117188
10 0.812826 0.335938 0.065755 0.118164
