6 0.861816 0.407959 0.092122 0.144043
6 0.216471 0.885010 0.098307 0.131348
6 0.466797 0.487305 0.099609 0.137695
5 0.372233 0.374512 0.092773 0.133789
6 0.798177 0.059082 0.093099 0.118164
6 0.750651 0.141357 0.086589 0.117676
6 0.572754 0.640625 0.103190 0.129883
6 0.106445 0.755127 0.097005 0.131348
6 0.541667 0.524658 0.093099 0.130371
6 0.263509 0.605957 0.096680 0.136719
6 0.802409 0.472412 0.081380 0.127441
6 0.848958 0.156250 0.093099 0.107422
5 0.237630 0.783447 0.106771 0.115723
6 0.767090 0.336670 0.101888 0.134277
6 0.895508 0.067383 0.084635 0.123047
6 0.123372 0.643311 0.102214 0.128418
