5 0.444499 0.732666 0.096029 0.140137
6 0.486491 0.523438 0.086263 0.150391
6 0.713379 0.297607 0.075195 0.145020
9 0.892578 0.453857 0.097005 0.143066
5 0.553874 0.582764 0.069987 0.113770
9 0.364909 0.847412 0.108724 0.141113
6 0.863444 0.235840 0.089518 0.123047
6 0.975260 0.397217 0.049479 0.118652
5 0.838867 0.383301 0.098307 0.140625
6 0.770020 0.223633 0.097331 0.107422
9 0.643392 0.229492 0.084310 0.138672
6 0.814616 0.525146 0.082357 0.122559
9 0.364746 0.669922 0.086914 0.157227
6 0.923503 0.098145 0.097656 0.129883
5 0.570475 0.468750 0.084961 0.115234
5 0.761393 0.445557 0.087240 0.110840
5 0.522461 0.909668 0.103516 0.155273
5 0.733724 0.545898 0.083984 0.129883
8 0.645996 0.356689 0.097331 0.115723
5 0.602539 0.653564 0.080729 0.115723
5 0.622070 0.533691 0.073568 0.094727
8 0.667155 0.466309 0.090820 0.121094
6 0.795573 0.317383 0.095052 0.113281
6 0.534342 0.783691 0.094076 0.113281
5 0.451660 0.620605 0.096029 0.121094
6 0.258138 0.899414 0.083984 0.111328
5 0.678548 0.599854 0.079102 0.113770
9 0.589844 0.253418 0.077474 0.148438
5 0.773763 0.123779 0.098958 0.122559
9 0.538900 0.304199 0.088216 0.180664
9 0.541667 0.690674 0.090495 0.108887
6 0.675456 0.716553 0.091797 0.125488
9 0.175293 0.833740 0.099284 0.141113
6 0.243978 0.773193 0.103190 0.134277
6 0.099609 0.940674 0.092448 0.111816
8 0.453288 0.850342 0.052409 0.091309
