5 0.574707 0.601562 0.088867 0.145508
5 0.290202 0.352539 0.072591 0.144531
6 0.789062 0.537842 0.085938 0.149902
6 0.227051 0.319092 0.086263 0.154785
6 0.123861 0.546875 0.090820 0.143555
8 0.448079 0.408203 0.076497 0.107422
6 0.814779 0.732666 0.096354 0.139160
5 0.709635 0.411621 0.098307 0.133789
6 0.659505 0.185791 0.086589 0.148926
5 0.862956 0.509521 0.085938 0.142090
5 0.583333 0.425537 0.099609 0.150879
9 0.650553 0.490967 0.097331 0.164551
6 0.356283 0.395996 0.095378 0.158203
6 0.200846 0.567871 0.089844 0.130859
6 0.490397 0.573730 0.084310 0.150391
10 0.173014 0.426270 0.082357 0.119141
6 0.722656 0.290771 0.093750 0.144043
9 0.954753 0.318604 0.089844 0.137207
9 0.083822 0.432861 0.104492 0.132324
5 0.041504 0.505615 0.077148 0.129395
9 0.563802 0.229004 0.151042 0.186523
6 0.492025 0.342773 0.106445 0.128906
12 0.750000 0.718262 0.040365 0.071289
12 0.400391 0.348389 0.059245 0.087402
6 0.390625 0.667969 0.085286 0.167969
