5 0.649414 0.198486 0.106120 0.155762
9 0.195312 0.354004 0.117188 0.159180
5 0.737467 0.686768 0.093424 0.129395
6 0.037760 0.269775 0.075521 0.150879
9 0.045736 0.541260 0.091471 0.167480
6 0.968587 0.621338 0.062826 0.147949
6 0.233236 0.258057 0.086263 0.147949
6 0.578776 0.697510 0.082682 0.120605
6 0.155924 0.499756 0.078776 0.141113
6 0.926758 0.314697 0.100911 0.140137
9 0.896484 0.532715 0.108724 0.168945
9 0.518066 0.652100 0.107747 0.142090
5 0.854329 0.623779 0.099935 0.145020
6 0.967936 0.479004 0.064128 0.117188
9 0.316243 0.246582 0.083659 0.139648
6 0.974121 0.364990 0.051758 0.133301
6 0.702148 0.586426 0.112630 0.156250
9 0.441895 0.214111 0.098633 0.125488
