6 0.456543 0.449463 0.095378 0.141113
5 0.774251 0.287598 0.110352 0.141602
6 0.565104 0.299072 0.097005 0.132324
5 0.138021 0.353516 0.107422 0.177734
5 0.173340 0.585449 0.084961 0.140625
6 0.785319 0.416992 0.107747 0.138672
5 0.467122 0.588867 0.100260 0.147461
6 0.727051 0.480469 0.102539 0.156250
6 0.121745 0.508545 0.071615 0.137207
6 0.313802 0.710205 0.100911 0.160645
6 0.219401 0.685547 0.084635 0.143555
12 0.689453 0.628662 0.082031 0.122559
6 0.050293 0.464844 0.100586 0.153320
9 0.654948 0.339600 0.108724 0.131348
6 0.916992 0.400879 0.087240 0.121094
5 0.603353 0.566895 0.094076 0.130859
5 0.529785 0.509521 0.086263 0.147949
5 0.270671 0.202393 0.100586 0.139160
6 0.218750 0.277832 0.098958 0.149414
5 0.621908 0.440430 0.092122 0.113281
6 0.870768 0.322266 0.087240 0.128906
9 0.321615 0.076904 0.110677 0.138184
6 0.649089 0.220459 0.083333 0.127441
12 0.913737 0.897217 0.065104 0.088379
10 0.969076 0.534912 0.055990 0.135254
12 0.576172 0.389893 0.041667 0.046387
