6 0.855794 0.639160 0.095703 0.136719
6 0.237305 0.433350 0.094401 0.145996
5 0.859049 0.425293 0.084635 0.146484
6 0.326009 0.394043 0.092122 0.130859
6 0.113932 0.648438 0.078776 0.124023
6 0.764648 0.639160 0.084635 0.134766
6 0.537598 0.643066 0.087565 0.131836
5 0.734538 0.259277 0.095378 0.138672
6 0.594238 0.220459 0.099935 0.150879
9 0.546387 0.781982 0.083008 0.136230
9 0.371419 0.507324 0.099609 0.143555
6 0.797363 0.374023 0.085612 0.132812
6 0.582031 0.371094 0.081380 0.131836
5 0.746419 0.492920 0.089844 0.133301
9 0.613932 0.725586 0.093099 0.150391
6 0.825033 0.255127 0.090820 0.131348
6 0.450358 0.343750 0.077148 0.124023
9 0.921061 0.137451 0.094076 0.159668
6 0.528320 0.313232 0.085938 0.142090
9 0.938314 0.510498 0.105794 0.133301
6 0.687337 0.348389 0.107096 0.137207
6 0.138346 0.366943 0.101562 0.138184
5 0.266602 0.541504 0.091797 0.127930
6 0.199707 0.306396 0.102539 0.130371
5 0.966960 0.748535 0.065430 0.128906
9 0.171712 0.669922 0.096680 0.159180
9 0.494954 0.182617 0.104492 0.131836
9 0.832031 0.528809 0.084635 0.120117
5 0.473796 0.439697 0.094076 0.127441
6 0.434408 0.232178 0.097331 0.124512
6 0.052409 0.608887 0.083333 0.133789
5 0.948405 0.615479 0.086263 0.119629
5 0.335612 0.284424 0.081380 0.112793
6 0.900716 0.729492 0.074870 0.126953
5 0.387533 0.338135 0.058919 0.147949
6 0.111491 0.538086 0.105794 0.098633
6 0.325846 0.608643 0.091146 0.111816
5 0.584961 0.886719 0.086589 0.120117
6 0.668457 0.640381 0.110352 0.118652
5 0.108724 0.453857 0.103516 0.104004
6 0.695964 0.561523 0.093750 0.114258
9 0.469564 0.938232 0.086263 0.120605
9 0.790202 0.063232 0.110352 0.126465
8 0.505208 0.066895 0.080078 0.109375
