6 0.843750 0.799316 0.083333 0.147461
5 0.291016 0.491943 0.081380 0.133301
5 0.731120 0.303223 0.097005 0.145508
8 0.442546 0.447754 0.079753 0.117188
5 0.149902 0.353760 0.091471 0.116699
9 0.572591 0.570801 0.097656 0.168945
8 0.075684 0.487061 0.085612 0.129395
6 0.934570 0.721924 0.089193 0.124512
6 0.629557 0.390381 0.102865 0.136230
6 0.676921 0.538818 0.095378 0.126465
6 0.483724 0.517090 0.085286 0.143555
6 0.840007 0.524902 0.093424 0.114258
6 0.159831 0.459717 0.091797 0.122559
8 0.534993 0.333740 0.084961 0.126465
6 0.837402 0.631836 0.089518 0.119141
6 0.712240 0.163574 0.087240 0.126953
9 0.931315 0.379395 0.107422 0.150391
6 0.913737 0.822510 0.076823 0.112793
12 0.882161 0.694336 0.041667 0.102539
