5 0.275228 0.437500 0.088216 0.126953
5 0.772298 0.640625 0.081055 0.126953
6 0.395020 0.376709 0.091471 0.114746
9 0.476074 0.555908 0.087565 0.120605
6 0.091146 0.702637 0.082031 0.134766
5 0.532064 0.379150 0.086263 0.117676
6 0.886068 0.501953 0.095703 0.123047
5 0.785970 0.802002 0.081706 0.126465
6 0.693359 0.871094 0.094401 0.139648
6 0.808757 0.322754 0.086263 0.128906
6 0.401204 0.490479 0.083659 0.118652
6 0.161458 0.773926 0.086589 0.125000
6 0.475098 0.438721 0.075195 0.111816
6 0.835775 0.733154 0.094727 0.118652
6 0.238118 0.142822 0.090820 0.137207
6 0.356283 0.692383 0.077799 0.123047
6 0.576335 0.459229 0.084961 0.113770
6 0.255046 0.731201 0.096680 0.131348
6 0.971842 0.879639 0.056315 0.137207
6 0.963704 0.752441 0.072591 0.117188
5 0.035970 0.656738 0.071940 0.125977
