6 0.694173 0.263672 0.090169 0.142578
9 0.785807 0.367920 0.094401 0.153809
9 0.380208 0.218262 0.115885 0.138672
5 0.086426 0.373291 0.095378 0.138184
5 0.775553 0.502686 0.086914 0.136230
9 0.897298 0.496582 0.089518 0.146484
6 0.723958 0.708740 0.074219 0.150879
6 0.430990 0.442627 0.093099 0.152832
6 0.839844 0.567871 0.089193 0.111328
5 0.433919 0.293457 0.086589 0.148438
6 0.131510 0.498047 0.083984 0.151367
6 0.513835 0.277588 0.078451 0.119629
6 0.791667 0.722412 0.077474 0.146973
5 0.293945 0.332764 0.091797 0.127441
5 0.055827 0.498535 0.077799 0.142578
5 0.202962 0.462646 0.077148 0.138184
5 0.586914 0.614014 0.099609 0.132324
6 0.648763 0.711182 0.089193 0.129395
5 0.348145 0.437012 0.088216 0.149414
6 0.866699 0.334229 0.093424 0.127441
5 0.688477 0.497803 0.078776 0.127441
6 0.522298 0.387207 0.094727 0.124023
5 0.270020 0.445801 0.072591 0.126953
5 0.704590 0.389893 0.074544 0.128418
8 0.956706 0.352051 0.085286 0.097656
6 0.531413 0.525391 0.086263 0.134766
6 0.605794 0.254395 0.097005 0.117188
6 0.924805 0.260742 0.076172 0.116211
6 0.601888 0.343262 0.102865 0.095703
5 0.605794 0.504639 0.085938 0.109863
5 0.615234 0.417236 0.098307 0.107910
5 0.858398 0.435303 0.067708 0.096191
6 0.847819 0.685303 0.080404 0.145020
5 0.342936 0.297119 0.080404 0.104980
5 0.956055 0.468750 0.069661 0.111328
