6 0.278320 0.296631 0.094401 0.138184
6 0.186523 0.582275 0.120443 0.165527
6 0.620605 0.356934 0.106445 0.153320
5 0.444661 0.457031 0.091146 0.145508
6 0.725098 0.781494 0.096029 0.164551
5 0.807292 0.781494 0.080078 0.134277
9 0.464030 0.286865 0.097982 0.147949
5 0.549316 0.237061 0.098633 0.150879
9 0.389486 0.349854 0.103190 0.147949
6 0.147298 0.443115 0.099935 0.128418
6 0.301432 0.429199 0.093099 0.139648
6 0.868978 0.570068 0.091471 0.145996
5 0.783529 0.600342 0.082031 0.139160
8 0.751465 0.520020 0.069987 0.105469
6 0.881510 0.763184 0.074219 0.122070
12 0.591797 0.495117 0.072266 0.102539
5 0.830078 0.471680 0.087240 0.126953
5 0.368490 0.483398 0.076823 0.127930
6 0.580404 0.128906 0.111979 0.115234
5 0.842448 0.682617 0.092448 0.099609
12 0.759115 0.404053 0.041667 0.053223
6 0.152669 0.336182 0.108724 0.139160
6 0.926107 0.934326 0.088542 0.116699
