6 0.320964 0.541992 0.110677 0.152344
5 0.679362 0.637207 0.091146 0.111328
5 0.279785 0.705078 0.097331 0.135742
9 0.392253 0.314697 0.084635 0.137207
6 0.520833 0.592285 0.097005 0.147461
6 0.198242 0.379883 0.098958 0.146484
8 0.743001 0.699951 0.090169 0.136230
6 0.431966 0.460449 0.097005 0.139648
6 0.948079 0.411865 0.088216 0.173340
6 0.499837 0.395020 0.083659 0.127930
6 0.630534 0.454590 0.091146 0.129883
6 0.645182 0.740479 0.098307 0.121582
5 0.143229 0.152344 0.093750 0.119141
9 0.238118 0.173340 0.085612 0.151367
6 0.316732 0.793457 0.085938 0.124023
6 0.331543 0.413574 0.095378 0.118164
6 0.157227 0.271240 0.110026 0.136230
6 0.730632 0.380615 0.084310 0.136230
5 0.887370 0.567627 0.085938 0.124512
5 0.230632 0.624756 0.090820 0.138184
6 0.334635 0.145264 0.103516 0.123535
6 0.823405 0.485840 0.094727 0.120117
6 0.641764 0.346436 0.113607 0.121582
6 0.594564 0.662109 0.077799 0.136719
5 0.782227 0.570557 0.081380 0.120605
6 0.564941 0.494385 0.094076 0.158691
5 0.347168 0.263916 0.068685 0.123535
6 0.967936 0.564697 0.064128 0.111816
9 0.895508 0.692627 0.074219 0.126465
6 0.276855 0.357666 0.084961 0.128418
9 0.699056 0.529053 0.096029 0.147949
6 0.826497 0.781494 0.080078 0.130371
9 0.825033 0.651367 0.088867 0.120117
12 0.370280 0.750244 0.043294 0.070801
6 0.284180 0.249512 0.067708 0.123047
5 0.876953 0.393311 0.067057 0.137207
5 0.811686 0.376709 0.069987 0.128418
9 0.959961 0.688721 0.066406 0.129395
