5 0.535807 0.811768 0.091146 0.139160
6 0.577962 0.168213 0.107747 0.144043
6 0.498698 0.642334 0.099609 0.150879
9 0.703125 0.201904 0.101562 0.154785
9 0.284831 0.482422 0.083333 0.148438
6 0.533854 0.470947 0.093750 0.154785
6 0.145833 0.285400 0.081380 0.122559
6 0.688314 0.865967 0.103841 0.143066
5 0.801107 0.523193 0.097656 0.111816
5 0.158854 0.879395 0.091146 0.117188
5 0.161133 0.142578 0.084635 0.131836
6 0.315592 0.934570 0.109701 0.120117
6 0.085286 0.842041 0.072917 0.143066
9 0.208171 0.430664 0.083659 0.130859
5 0.094889 0.213867 0.086914 0.138672
5 0.400879 0.833008 0.086914 0.123047
9 0.466634 0.861328 0.088216 0.127930
5 0.228678 0.259521 0.088216 0.126465
5 0.718424 0.331299 0.095703 0.122559
5 0.398438 0.648438 0.096354 0.124023
5 0.733398 0.613037 0.097656 0.132324
5 0.764160 0.733643 0.083008 0.145020
9 0.262695 0.727783 0.098958 0.131348
6 0.719564 0.467285 0.076497 0.128906
5 0.619954 0.363037 0.092122 0.135254
6 0.348145 0.574707 0.093424 0.135742
5 0.689616 0.737305 0.084310 0.140625
6 0.793783 0.428711 0.094727 0.120117
5 0.411621 0.498779 0.125977 0.131348
6 0.241699 0.133545 0.075846 0.123535
6 0.476888 0.101318 0.098958 0.131348
5 0.330566 0.312744 0.086914 0.113770
6 0.669108 0.559570 0.087565 0.141602
5 0.268066 0.350586 0.085612 0.117188
6 0.606283 0.936035 0.096680 0.120117
6 0.401693 0.159424 0.087891 0.112793
5 0.260742 0.614014 0.089193 0.118652
6 0.189941 0.538330 0.084310 0.119629
6 0.628092 0.477051 0.093424 0.127930
5 0.357096 0.738037 0.097005 0.141113
5 0.228841 0.833496 0.070312 0.119141
5 0.507324 0.941895 0.092773 0.107422
6 0.355469 0.413574 0.097005 0.123047
5 0.382650 0.053955 0.083659 0.107910
6 0.306315 0.837891 0.088542 0.104492
5 0.775879 0.089355 0.093424 0.118164
6 0.143229 0.601807 0.101562 0.104980
5 0.310547 0.209717 0.084635 0.104980
5 0.136882 0.687744 0.100586 0.109863
6 0.388509 0.270996 0.085612 0.135742
5 0.157715 0.771973 0.094727 0.096680
5 0.323405 0.125977 0.083008 0.084961
