6 0.525065 0.101562 0.089193 0.129883
6 0.577962 0.547119 0.099284 0.143066
5 0.652181 0.816895 0.085612 0.147461
6 0.490560 0.378174 0.093099 0.159668
6 0.289062 0.091309 0.105469 0.149414
5 0.573405 0.901611 0.106445 0.144043
6 0.498047 0.816650 0.088542 0.141113
5 0.637858 0.281494 0.098633 0.118652
6 0.480794 0.674316 0.084635 0.125977
5 0.503418 0.569824 0.090169 0.163086
6 0.627767 0.169434 0.090169 0.122070
6 0.542643 0.214355 0.100260 0.153320
6 0.566081 0.691162 0.091146 0.123535
6 0.598633 0.758057 0.093099 0.123535
