6 0.341960 0.376709 0.094727 0.130371
6 0.156576 0.596191 0.084635 0.138672
5 0.602051 0.195801 0.092773 0.125977
9 0.655273 0.730469 0.093099 0.136719
6 0.034993 0.607910 0.069987 0.161133
9 0.479492 0.515869 0.104167 0.156738
6 0.601400 0.502930 0.106445 0.147461
6 0.892253 0.640381 0.097005 0.123535
9 0.718262 0.333740 0.106445 0.155762
5 0.305339 0.519043 0.106771 0.140625
6 0.165039 0.332764 0.091146 0.127441
9 0.700684 0.599854 0.100586 0.151855
6 0.329427 0.170654 0.098958 0.156738
6 0.608887 0.839111 0.101888 0.142090
12 0.937663 0.453857 0.061523 0.082520
6 0.183594 0.455322 0.104818 0.138184
6 0.681641 0.443359 0.083333 0.128906
9 0.253743 0.750732 0.086914 0.137207
9 0.964030 0.577881 0.071940 0.166504
5 0.962240 0.365723 0.074870 0.136719
9 0.095703 0.552002 0.082682 0.161621
9 0.533040 0.238770 0.081055 0.132812
6 0.388672 0.500244 0.083984 0.149902
9 0.813802 0.292969 0.106120 0.146484
6 0.896810 0.532227 0.080729 0.123047
6 0.882324 0.345703 0.075846 0.137695
9 0.246419 0.307617 0.083984 0.128906
5 0.153646 0.757568 0.093750 0.138184
6 0.499674 0.619873 0.091797 0.115723
6 0.318034 0.630615 0.095052 0.109863
6 0.588053 0.303467 0.081706 0.099121
6 0.209798 0.868652 0.112956 0.145508
12 0.314779 0.725830 0.054036 0.085449
9 0.100098 0.058105 0.107747 0.116211
12 0.571777 0.361816 0.058919 0.049805
12 0.460938 0.359375 0.033854 0.054688
12 0.417318 0.336670 0.038411 0.068848
12 0.098633 0.805908 0.047526 0.079590
12 0.810059 0.676270 0.062174 0.113281
