6 0.408203 0.410400 0.083984 0.123535
6 0.561361 0.470215 0.096029 0.134766
6 0.823242 0.517578 0.097005 0.137695
6 0.545085 0.261719 0.096680 0.146484
9 0.159993 0.666748 0.097982 0.144043
6 0.698730 0.526611 0.094076 0.126465
6 0.207682 0.531494 0.095703 0.135254
6 0.612630 0.653809 0.106771 0.118164
6 0.325195 0.387207 0.082031 0.125977
5 0.458333 0.504639 0.093750 0.131348
6 0.589518 0.331055 0.091146 0.136719
6 0.659993 0.402344 0.096680 0.121094
6 0.340820 0.576416 0.097005 0.141113
6 0.223958 0.366455 0.100260 0.154785
6 0.801758 0.241943 0.093099 0.145996
6 0.746094 0.324219 0.076823 0.129883
6 0.803223 0.637207 0.087565 0.120117
6 0.563802 0.940918 0.104818 0.118164
6 0.718913 0.207031 0.082357 0.123047
6 0.472656 0.350098 0.086589 0.131836
6 0.117839 0.535400 0.091146 0.135254
6 0.961263 0.060059 0.076172 0.120117
6 0.720378 0.769775 0.095052 0.116699
6 0.406087 0.944824 0.095378 0.110352
9 0.469564 0.759033 0.080404 0.120605
5 0.065592 0.873535 0.094727 0.127930
9 0.117839 0.379395 0.093750 0.141602
6 0.799154 0.401367 0.105469 0.139648
6 0.674479 0.296143 0.070964 0.117676
6 0.626139 0.557617 0.079102 0.104492
6 0.728027 0.658203 0.084961 0.114258
6 0.655599 0.729004 0.086589 0.130859
8 0.368652 0.303467 0.095378 0.108887
6 0.725911 0.877441 0.097656 0.110352
