6 0.660645 0.529297 0.098633 0.150391
6 0.805664 0.200928 0.087891 0.150879
6 0.827799 0.710693 0.088542 0.121582
6 0.898600 0.245117 0.092773 0.141602
5 0.144694 0.518066 0.086263 0.149414
6 0.454427 0.369873 0.087891 0.129395
9 0.206706 0.188965 0.102865 0.163086
9 0.363281 0.880127 0.103516 0.150879
6 0.733724 0.614502 0.098307 0.135254
6 0.260254 0.380615 0.097982 0.123535
6 0.609863 0.396973 0.092773 0.139648
6 0.066081 0.540283 0.086589 0.140137
6 0.296387 0.297607 0.089518 0.115723
6 0.374186 0.266846 0.079753 0.128418
9 0.214030 0.673096 0.097982 0.135254
6 0.581055 0.769531 0.097656 0.138672
5 0.654297 0.290527 0.093099 0.132812
6 0.645345 0.874023 0.081055 0.145508
6 0.846354 0.583252 0.080729 0.112793
9 0.715983 0.239746 0.090169 0.128906
6 0.830892 0.064941 0.082357 0.116211
6 0.952474 0.602783 0.093099 0.110840
6 0.530599 0.381836 0.077474 0.137695
5 0.420898 0.072754 0.099609 0.116211
6 0.167318 0.816162 0.083333 0.107910
6 0.914551 0.057861 0.081706 0.115723
6 0.532715 0.159424 0.071940 0.164551
6 0.701335 0.062988 0.078451 0.125977
6 0.347819 0.142822 0.084961 0.098145
6 0.730306 0.138916 0.090169 0.093262
6 0.188802 0.905762 0.111979 0.108398
6 0.589030 0.130371 0.057617 0.160156
6 0.637207 0.157715 0.073242 0.120117
