9 0.843750 0.371826 0.091146 0.133301
5 0.521810 0.516357 0.080078 0.145996
6 0.789225 0.214844 0.096029 0.128906
9 0.237305 0.773682 0.107422 0.173340
5 0.651042 0.263428 0.102865 0.143066
5 0.345866 0.740723 0.099284 0.139648
6 0.569499 0.401611 0.084310 0.138184
9 0.763997 0.098877 0.083333 0.117676
5 0.474447 0.688965 0.095378 0.143555
6 0.175456 0.480957 0.098307 0.148438
6 0.788249 0.415039 0.083008 0.134766
5 0.651855 0.623047 0.085612 0.125977
5 0.378581 0.571777 0.097656 0.125000
6 0.727539 0.346680 0.080078 0.114258
9 0.880208 0.260742 0.087240 0.127930
8 0.687663 0.535889 0.089518 0.149902
6 0.397786 0.412842 0.085938 0.130371
5 0.648763 0.395020 0.082682 0.124023
6 0.845215 0.132568 0.092773 0.136230
9 0.035807 0.512695 0.071615 0.122070
5 0.257975 0.413818 0.086263 0.128418
5 0.929362 0.359619 0.081380 0.124512
5 0.157715 0.927734 0.093424 0.130859
6 0.059896 0.683350 0.078776 0.210449
5 0.510417 0.320557 0.094401 0.122559
6 0.319010 0.387451 0.076823 0.135254
6 0.600423 0.545654 0.084961 0.162598
6 0.144694 0.802246 0.096029 0.121094
5 0.367839 0.305908 0.101562 0.125488
5 0.090007 0.883545 0.072591 0.134277
9 0.448568 0.513916 0.078776 0.151855
6 0.482910 0.404785 0.083008 0.106445
9 0.117513 0.699463 0.076823 0.157715
6 0.973470 0.290283 0.053060 0.111816
6 0.392741 0.672363 0.081706 0.115234
5 0.727865 0.466553 0.082682 0.122559
8 0.249186 0.572754 0.105794 0.116211
5 0.546549 0.239746 0.095703 0.141602
8 0.169596 0.669678 0.075521 0.120605
