6 0.301270 0.398193 0.088867 0.129395
6 0.814453 0.626953 0.076823 0.118164
6 0.796875 0.480957 0.088542 0.122070
9 0.480957 0.397705 0.104492 0.150879
6 0.127930 0.408936 0.090495 0.122559
6 0.158854 0.303711 0.096354 0.132812
9 0.391276 0.417480 0.095052 0.150391
6 0.560547 0.420898 0.081380 0.147461
6 0.219727 0.502441 0.090495 0.125000
6 0.957194 0.571289 0.085612 0.129883
6 0.039225 0.452148 0.078451 0.163086
6 0.694499 0.472412 0.090820 0.116699
6 0.220378 0.381592 0.082682 0.111816
6 0.695150 0.654297 0.078451 0.115234
6 0.849121 0.543213 0.082357 0.112793
6 0.714844 0.561768 0.093099 0.093262
10 0.429199 0.539307 0.086914 0.131348
6 0.933919 0.448730 0.091146 0.128906
9 0.763835 0.674072 0.079102 0.149902
12 0.102539 0.502930 0.048828 0.077148
6 0.871745 0.901611 0.089193 0.143066
