6 0.543945 0.317871 0.071615 0.158203
5 0.168620 0.663330 0.091146 0.133301
5 0.199056 0.196533 0.088216 0.133301
5 0.798177 0.538330 0.108724 0.138184
5 0.949056 0.798584 0.087565 0.113770
5 0.258464 0.520752 0.087240 0.124512
6 0.589030 0.593018 0.109049 0.141113
9 0.293132 0.423828 0.105794 0.132812
9 0.736165 0.692871 0.099284 0.139648
5 0.151530 0.530518 0.092773 0.128418
5 0.806803 0.189209 0.096680 0.131348
6 0.687988 0.437256 0.088867 0.139160
5 0.521647 0.476074 0.071289 0.125977
5 0.300781 0.291504 0.087240 0.139648
6 0.193848 0.435547 0.091471 0.130859
5 0.103516 0.611084 0.081380 0.133301
5 0.944336 0.688721 0.100911 0.115723
9 0.421387 0.564697 0.084961 0.142090
5 0.879232 0.754639 0.067708 0.138184
5 0.904134 0.352539 0.082357 0.143555
8 0.969401 0.303955 0.060547 0.105957
6 0.494141 0.566650 0.072917 0.142090
9 0.481608 0.339600 0.076497 0.148926
6 0.613444 0.290771 0.081706 0.128418
9 0.917806 0.538086 0.098633 0.149414
6 0.595703 0.466797 0.086589 0.121094
6 0.444824 0.415039 0.084961 0.151367
5 0.764974 0.857910 0.085938 0.113281
6 0.814941 0.405762 0.092773 0.123047
6 0.821126 0.305908 0.099935 0.115723
9 0.656250 0.220703 0.090495 0.119141
8 0.561035 0.764648 0.085612 0.124023
9 0.707682 0.299561 0.097656 0.168457
6 0.617350 0.389648 0.084961 0.096680
6 0.823242 0.797852 0.086589 0.140625
9 0.916992 0.207275 0.080729 0.119629
5 0.872884 0.133545 0.069336 0.109863
6 0.231283 0.275879 0.080404 0.136719
6 0.942220 0.085205 0.073242 0.106934
9 0.977865 0.196045 0.044271 0.135254
8 0.749512 0.406250 0.044596 0.084961
5 0.952637 0.450928 0.070638 0.135254
