5 0.184733 0.567139 0.096680 0.148926
5 0.440104 0.459229 0.101562 0.143066
9 0.282389 0.553223 0.112305 0.170898
9 0.209310 0.403809 0.095052 0.153320
6 0.131510 0.310303 0.104167 0.142090
6 0.041992 0.255371 0.083333 0.134766
6 0.738932 0.485596 0.096354 0.125488
5 0.951172 0.548584 0.095703 0.133301
6 0.865072 0.503418 0.099935 0.145508
8 0.589030 0.695068 0.079102 0.103027
8 0.713542 0.558105 0.089844 0.102539
6 0.785156 0.785400 0.095052 0.132324
8 0.626139 0.621826 0.068034 0.093262
5 0.094564 0.454834 0.092122 0.156738
