5 0.808268 0.336426 0.089844 0.134766
9 0.676107 0.495361 0.131510 0.195801
5 0.509440 0.260498 0.091797 0.111816
5 0.382324 0.395508 0.100586 0.104492
6 0.171712 0.370117 0.111654 0.143555
6 0.931641 0.501709 0.093750 0.142090
5 0.561523 0.487305 0.100911 0.134766
6 0.308919 0.506836 0.124349 0.160156
9 0.541992 0.367188 0.137370 0.171875
6 0.435221 0.304199 0.070312 0.166016
5 0.826986 0.640869 0.084961 0.130371
9 0.367513 0.293701 0.074870 0.119629
5 0.416504 0.489014 0.087565 0.130371
5 0.034017 0.372070 0.068034 0.152344
6 0.860840 0.538086 0.093424 0.145508
6 0.167643 0.486328 0.101562 0.125977
6 0.744954 0.219482 0.093424 0.145996
9 0.683268 0.281494 0.113932 0.170410
6 0.441569 0.606934 0.096029 0.126953
6 0.487305 0.163330 0.101562 0.115723
12 0.778646 0.592773 0.046224 0.071289
6 0.833333 0.216309 0.080729 0.134766
