6 0.242513 0.281250 0.095052 0.133789
6 0.319661 0.206543 0.096354 0.147461
6 0.416016 0.560059 0.083333 0.111328
6 0.336263 0.501953 0.100260 0.126953
5 0.474447 0.359619 0.086914 0.115723
6 0.576660 0.480225 0.084961 0.129395
6 0.185547 0.652588 0.096354 0.144043
5 0.655273 0.614990 0.093099 0.134277
6 0.622070 0.135742 0.090495 0.132812
6 0.510579 0.279297 0.097982 0.125977
5 0.776530 0.755859 0.093424 0.135742
5 0.757975 0.242432 0.083008 0.128418
5 0.443359 0.442383 0.091146 0.116211
5 0.151855 0.363770 0.102539 0.136719
6 0.470866 0.661865 0.086914 0.132324
5 0.049805 0.633545 0.099609 0.144043
12 0.477214 0.579346 0.035807 0.040527
