8 0.630534 0.131104 0.100260 0.153809
6 0.698893 0.218262 0.104818 0.169922
6 0.577148 0.517090 0.120443 0.164062
6 0.045736 0.351318 0.090169 0.130371
6 0.821126 0.228760 0.101237 0.178223
5 0.199707 0.565430 0.101237 0.153320
6 0.050618 0.475342 0.101237 0.134277
6 0.684896 0.559570 0.093750 0.124023
5 0.588867 0.288818 0.108073 0.148926
5 0.542318 0.789062 0.104818 0.148438
6 0.840495 0.928955 0.102214 0.135254
5 0.824056 0.704834 0.095378 0.133301
5 0.912109 0.397461 0.106771 0.121094
6 0.556478 0.905029 0.094076 0.130371
5 0.650716 0.438232 0.103516 0.142090
6 0.829915 0.581299 0.106445 0.131348
6 0.932292 0.301270 0.104167 0.120117
6 0.700521 0.895020 0.091797 0.127930
6 0.871419 0.481689 0.099609 0.120605
6 0.796224 0.873047 0.099609 0.154297
6 0.964518 0.218506 0.070964 0.141113
12 0.660807 0.752930 0.040365 0.064453
