5 0.422852 0.349854 0.095052 0.129395
6 0.801432 0.465088 0.100260 0.171387
5 0.843750 0.914062 0.102865 0.160156
6 0.406413 0.878662 0.104492 0.144043
6 0.479329 0.443848 0.090169 0.151367
6 0.621582 0.734375 0.089518 0.135742
9 0.352376 0.786621 0.107747 0.182617
5 0.540690 0.610840 0.095052 0.147461
9 0.637044 0.616699 0.096354 0.131836
6 0.637533 0.469971 0.112305 0.163574
6 0.366048 0.593750 0.113607 0.146484
5 0.380859 0.438721 0.102865 0.162598
6 0.118164 0.840820 0.106771 0.155273
6 0.872721 0.214111 0.116536 0.141113
6 0.078451 0.583740 0.111979 0.146973
5 0.284831 0.066162 0.090495 0.132324
5 0.246908 0.752441 0.090820 0.168945
5 0.200521 0.058350 0.089844 0.116699
5 0.187826 0.480469 0.107422 0.134766
9 0.874512 0.394287 0.093424 0.147949
