6 0.247233 0.713135 0.081055 0.148926
9 0.048828 0.660156 0.091797 0.153320
6 0.530436 0.340088 0.078451 0.094238
5 0.528971 0.437988 0.072266 0.108398
9 0.607910 0.398926 0.098633 0.152344
6 0.939290 0.304443 0.089518 0.135254
6 0.580241 0.266602 0.084961 0.105469
6 0.769694 0.330566 0.088216 0.151367
6 0.040853 0.525391 0.081706 0.119141
6 0.389160 0.664551 0.086263 0.138672
8 0.309733 0.631348 0.087565 0.131836
6 0.312012 0.759033 0.088216 0.122559
6 0.118327 0.607422 0.078451 0.136719
9 0.701335 0.350342 0.086914 0.167480
6 0.659017 0.271484 0.077148 0.144531
6 0.577637 0.519775 0.100586 0.113770
