6 0.840658 0.667725 0.081706 0.138184
6 0.899089 0.629395 0.083333 0.134766
6 0.813477 0.816406 0.093099 0.141602
6 0.583171 0.167725 0.096680 0.132324
6 0.859212 0.202393 0.075195 0.110840
5 0.752604 0.337402 0.069010 0.134766
6 0.569010 0.818604 0.089844 0.132324
5 0.791341 0.220947 0.069661 0.123535
6 0.055827 0.104004 0.082357 0.145508
6 0.699056 0.089111 0.092122 0.131348
6 0.526693 0.928467 0.097005 0.131348
6 0.881510 0.316650 0.076823 0.130371
6 0.707194 0.226074 0.086263 0.116211
6 0.819336 0.344727 0.073568 0.142578
6 0.767904 0.150635 0.080729 0.105957
5 0.127441 0.070801 0.087565 0.137695
12 0.243164 0.033203 0.055339 0.066406
6 0.600586 0.939941 0.083984 0.108398
8 0.542643 0.701172 0.082682 0.101562
9 0.346354 0.864502 0.091797 0.122559
6 0.291016 0.931152 0.071615 0.113281
12 0.634440 0.893555 0.036458 0.077148
