6 0.449056 0.453857 0.097982 0.138184
6 0.241211 0.588379 0.101562 0.141602
6 0.744141 0.132568 0.085938 0.144043
6 0.097819 0.551025 0.095378 0.136230
6 0.370443 0.098389 0.089193 0.159668
5 0.825846 0.132324 0.087891 0.150391
5 0.787435 0.547852 0.097656 0.115234
6 0.391276 0.555908 0.103516 0.149902
9 0.552246 0.876221 0.120768 0.187012
6 0.351074 0.902588 0.099284 0.146973
6 0.946126 0.337402 0.100586 0.135742
10 0.652669 0.470703 0.104167 0.169922
8 0.486979 0.613770 0.072266 0.101562
10 0.542806 0.058594 0.100586 0.117188
6 0.966634 0.207520 0.066732 0.130859
8 0.810059 0.726807 0.081055 0.131348
