5 0.639160 0.512939 0.090820 0.119629
6 0.676270 0.259277 0.086914 0.123047
6 0.349447 0.651611 0.107096 0.117676
6 0.409993 0.794434 0.112956 0.148438
6 0.593424 0.166748 0.106120 0.128418
6 0.404460 0.345947 0.094727 0.124512
6 0.549642 0.480225 0.096029 0.140137
6 0.453451 0.245361 0.094401 0.129395
6 0.616862 0.051514 0.095052 0.103027
5 0.652181 0.406494 0.106445 0.127441
6 0.349284 0.540283 0.123698 0.118652
6 0.659180 0.769775 0.102865 0.123535
5 0.566406 0.710205 0.113932 0.132324
6 0.591471 0.614990 0.115885 0.106934
6 0.633626 0.921875 0.129883 0.137695
