5 0.884440 0.580566 0.097656 0.141602
5 0.512695 0.247314 0.100911 0.131348
5 0.214193 0.420898 0.090495 0.133789
5 0.241536 0.293701 0.111979 0.164551
5 0.342122 0.281006 0.088542 0.147949
9 0.155436 0.531006 0.109049 0.169434
6 0.333659 0.611084 0.097656 0.154785
9 0.648275 0.671631 0.096680 0.182129
9 0.462240 0.593750 0.112630 0.201172
5 0.843099 0.360107 0.094401 0.131348
5 0.336100 0.440918 0.090820 0.140625
6 0.743815 0.303711 0.100260 0.146484
9 0.723145 0.705322 0.080404 0.145020
6 0.447754 0.314941 0.103190 0.150391
6 0.905924 0.403564 0.076823 0.115723
5 0.599121 0.482422 0.081055 0.143555
6 0.836751 0.259277 0.090820 0.117188
6 0.671224 0.454834 0.072917 0.145020
6 0.772135 0.505859 0.095052 0.138672
5 0.726237 0.571777 0.105469 0.117188
9 0.971842 0.215820 0.055664 0.153320
5 0.394531 0.541016 0.078125 0.128906
6 0.859049 0.496582 0.082031 0.125977
5 0.426432 0.439209 0.093099 0.120605
9 0.814453 0.728027 0.104167 0.146484
6 0.758464 0.403809 0.099609 0.091797
12 0.683594 0.375244 0.034505 0.052246
