5 0.563802 0.796631 0.101562 0.130371
5 0.672201 0.542969 0.087240 0.151367
5 0.458984 0.349609 0.097005 0.144531
6 0.069824 0.773926 0.107096 0.166016
6 0.701335 0.402588 0.083659 0.142090
6 0.776693 0.324951 0.110677 0.128418
6 0.205892 0.459229 0.102539 0.151855
6 0.799967 0.140869 0.093424 0.147949
9 0.608887 0.716797 0.101888 0.131836
5 0.160482 0.300781 0.101562 0.145508
6 0.601400 0.893066 0.107096 0.123047
5 0.611654 0.327148 0.097005 0.162109
6 0.366048 0.429199 0.121419 0.148438
9 0.081380 0.502930 0.120443 0.180664
6 0.531413 0.396240 0.092773 0.145996
6 0.316406 0.819336 0.090495 0.143555
5 0.156901 0.818604 0.094401 0.135254
6 0.254069 0.839355 0.092122 0.146484
6 0.660807 0.152344 0.098958 0.162109
9 0.591309 0.594727 0.114258 0.142578
6 0.574870 0.486816 0.091797 0.119141
6 0.186198 0.911377 0.085286 0.116699
5 0.701497 0.063965 0.098307 0.127930
6 0.774414 0.442627 0.083984 0.118652
12 0.057292 0.626709 0.041667 0.057129
