9 0.798665 0.580566 0.090820 0.152344
6 0.073568 0.498047 0.089844 0.143555
5 0.929199 0.508301 0.077799 0.114258
6 0.815104 0.405762 0.089193 0.116211
6 0.184570 0.620117 0.081380 0.119141
6 0.701660 0.325928 0.083008 0.124512
6 0.514974 0.559082 0.085286 0.117188
6 0.479492 0.469482 0.094401 0.130371
6 0.338542 0.435791 0.095052 0.132324
6 0.755534 0.472900 0.087891 0.119629
6 0.716471 0.586182 0.080078 0.127441
6 0.234863 0.549805 0.101888 0.144531
6 0.856120 0.485352 0.086589 0.125000
6 0.902018 0.619385 0.108724 0.121582
