6 0.182292 0.695312 0.076823 0.123047
6 0.041341 0.531250 0.082682 0.147461
6 0.462402 0.446777 0.068034 0.118164
6 0.215495 0.825439 0.089193 0.110840
6 0.882324 0.087402 0.094076 0.127930
6 0.735352 0.375732 0.088542 0.123535
9 0.444336 0.249023 0.091146 0.145508
6 0.217611 0.280273 0.092122 0.142578
6 0.180990 0.477783 0.108073 0.146973
6 0.335286 0.573486 0.082682 0.121582
6 0.649089 0.479492 0.080729 0.143555
6 0.512858 0.377197 0.095378 0.130371
6 0.632812 0.714111 0.083333 0.125488
6 0.465495 0.844238 0.093099 0.120117
6 0.608887 0.273682 0.092773 0.140137
6 0.596842 0.621338 0.088216 0.143066
6 0.388509 0.403320 0.090820 0.116211
6 0.131185 0.557617 0.091797 0.136719
6 0.312826 0.453613 0.095052 0.125000
6 0.798503 0.230225 0.098958 0.149902
9 0.604329 0.424561 0.088867 0.137207
6 0.354167 0.297119 0.092448 0.125488
9 0.729004 0.496338 0.088867 0.147949
6 0.689779 0.296631 0.080729 0.118652
6 0.526693 0.253418 0.076823 0.124023
9 0.238607 0.731201 0.080078 0.126465
6 0.303223 0.876465 0.087565 0.100586
6 0.097168 0.699219 0.086914 0.125977
6 0.689779 0.618408 0.090495 0.121582
8 0.097982 0.812500 0.083984 0.118164
6 0.260905 0.539307 0.071289 0.126465
6 0.314779 0.759277 0.080729 0.129883
6 0.503418 0.937744 0.104492 0.124512
6 0.539225 0.730225 0.088867 0.122559
6 0.466634 0.572510 0.096029 0.138184
9 0.037760 0.836426 0.075521 0.160156
8 0.675293 0.178223 0.081706 0.103516
6 0.406413 0.519287 0.076497 0.132324
6 0.165527 0.904785 0.081706 0.091797
6 0.295573 0.955322 0.086589 0.086426
