6 0.143066 0.265137 0.097982 0.151367
6 0.227539 0.379395 0.108724 0.123047
5 0.227702 0.264160 0.088216 0.132812
5 0.327962 0.137451 0.099284 0.142090
5 0.730143 0.761719 0.104167 0.149414
6 0.256348 0.486084 0.099284 0.134277
5 0.718099 0.510986 0.097005 0.163574
5 0.394206 0.198975 0.104167 0.156738
6 0.582845 0.212158 0.108398 0.165527
6 0.326497 0.319580 0.084635 0.153809
5 0.375326 0.365234 0.087891 0.146484
12 0.551758 0.354492 0.063151 0.088867
12 0.537109 0.064453 0.046875 0.067383
6 0.165527 0.519775 0.086914 0.150879
