9 0.268880 0.694092 0.136719 0.154785
9 0.373372 0.275635 0.078125 0.105957
9 0.645833 0.458740 0.114583 0.150879
5 0.239583 0.825928 0.119141 0.141113
5 0.065918 0.311768 0.110352 0.168457
5 0.915527 0.723389 0.104492 0.145020
5 0.920573 0.463135 0.078776 0.165527
6 0.788737 0.630127 0.098958 0.155762
5 0.538249 0.666748 0.066081 0.114746
5 0.687988 0.679932 0.102539 0.138184
5 0.569010 0.338379 0.091146 0.143555
9 0.947591 0.923340 0.091797 0.142578
5 0.264160 0.463867 0.096029 0.145508
5 0.390788 0.376465 0.090820 0.127930
6 0.384440 0.701904 0.080078 0.125488
6 0.731445 0.363281 0.085938 0.155273
5 0.444173 0.235596 0.084961 0.116699
9 0.476074 0.352295 0.081706 0.138184
6 0.354167 0.172119 0.093750 0.136230
5 0.440430 0.480957 0.106771 0.134766
6 0.464355 0.629395 0.097982 0.116211
6 0.855632 0.427490 0.066732 0.159668
6 0.706380 0.784424 0.075521 0.107910
6 0.456380 0.733154 0.078776 0.116699
6 0.732585 0.546875 0.073242 0.121094
5 0.166829 0.743164 0.081706 0.144531
6 0.339518 0.552490 0.109375 0.140137
6 0.660482 0.580322 0.088542 0.114746
6 0.540365 0.906494 0.109375 0.157715
5 0.961589 0.812500 0.076823 0.116211
6 0.775391 0.430420 0.093750 0.162598
6 0.395182 0.093262 0.091146 0.127930
6 0.657227 0.316650 0.085286 0.136230
6 0.868327 0.878418 0.096029 0.166016
5 0.742676 0.891602 0.096029 0.137695
5 0.479492 0.133057 0.089844 0.134277
6 0.663737 0.928467 0.095052 0.129395
9 0.521973 0.781738 0.092122 0.111328
6 0.773763 0.797852 0.069661 0.122070
6 0.493978 0.558350 0.101888 0.107910
5 0.595378 0.228027 0.101562 0.138672
5 0.548665 0.444336 0.073242 0.085938
5 0.597005 0.666992 0.061849 0.103516
5 0.267741 0.254883 0.095378 0.105469
