5 0.615397 0.663330 0.086914 0.148926
6 0.697266 0.210449 0.102214 0.175781
6 0.104818 0.676270 0.098307 0.154297
5 0.647135 0.562988 0.082682 0.114258
6 0.404785 0.672119 0.101888 0.143066
6 0.385905 0.351807 0.097331 0.146973
9 0.586263 0.255127 0.125651 0.190918
9 0.707357 0.636719 0.110026 0.173828
6 0.263835 0.492676 0.106445 0.141602
6 0.276693 0.358154 0.097005 0.129395
6 0.505534 0.588135 0.095052 0.133301
10 0.601074 0.427490 0.094727 0.134277
9 0.073079 0.453369 0.097982 0.171387
12 0.312826 0.439453 0.039062 0.048828
