6 0.189290 0.379395 0.099284 0.133789
6 0.502279 0.154785 0.095052 0.125977
6 0.500651 0.535156 0.093750 0.127930
6 0.397135 0.624512 0.094401 0.112305
6 0.194987 0.576172 0.093750 0.138672
6 0.548503 0.298828 0.090495 0.146484
6 0.350911 0.689697 0.073568 0.138184
6 0.455241 0.078369 0.090820 0.123535
6 0.740234 0.539795 0.097005 0.135254
6 0.836263 0.522461 0.108073 0.128906
6 0.432780 0.447510 0.092122 0.127441
9 0.771159 0.352051 0.090495 0.166016
6 0.276693 0.701660 0.083984 0.136719
6 0.528809 0.806152 0.094076 0.146484
6 0.596191 0.661621 0.092773 0.134766
6 0.773438 0.656250 0.088542 0.125000
6 0.237305 0.909424 0.094401 0.137207
6 0.633952 0.386719 0.086263 0.140625
6 0.056152 0.905762 0.096029 0.158203
6 0.500326 0.657471 0.089193 0.121582
5 0.390462 0.498779 0.101888 0.134277
6 0.704915 0.387695 0.074544 0.165039
9 0.958984 0.800293 0.082031 0.166016
6 0.640788 0.493164 0.090169 0.108398
8 0.407715 0.740234 0.064128 0.114258
6 0.843099 0.428955 0.095703 0.130371
6 0.471842 0.743896 0.076497 0.130371
