6 0.095540 0.509766 0.086263 0.150391
5 0.199219 0.300293 0.080078 0.134766
5 0.268717 0.552734 0.075846 0.116211
5 0.844727 0.348389 0.080729 0.123535
6 0.311198 0.459717 0.069661 0.127441
9 0.382650 0.418945 0.091471 0.132812
5 0.821940 0.676514 0.069010 0.109863
9 0.338053 0.186035 0.100586 0.125977
5 0.616211 0.235107 0.098307 0.116699
9 0.033203 0.469727 0.066406 0.172852
9 0.487142 0.423340 0.088867 0.153320
5 0.733398 0.414307 0.068359 0.114746
6 0.957520 0.616699 0.084961 0.136719
6 0.703451 0.769775 0.080729 0.123535
9 0.153971 0.619629 0.104167 0.122070
9 0.278971 0.281006 0.081380 0.116699
5 0.667318 0.495850 0.085938 0.113770
5 0.169108 0.411377 0.073242 0.113770
9 0.838053 0.469971 0.100586 0.135254
5 0.442220 0.218750 0.088867 0.138672
6 0.864909 0.582275 0.092448 0.120605
5 0.624512 0.731445 0.092122 0.126953
9 0.950195 0.812256 0.078125 0.152832
6 0.525879 0.187988 0.077148 0.130859
9 0.755859 0.660400 0.074870 0.130371
9 0.236165 0.185059 0.093424 0.129883
5 0.777018 0.785400 0.068359 0.124512
6 0.894694 0.671875 0.079753 0.121094
6 0.381348 0.732910 0.077148 0.101562
5 0.703451 0.269043 0.083333 0.128906
9 0.666992 0.379150 0.083333 0.126465
6 0.581217 0.530762 0.086914 0.107422
6 0.568034 0.434570 0.082682 0.119141
6 0.189453 0.525391 0.089844 0.127930
6 0.448730 0.677734 0.077799 0.132812
6 0.650879 0.613281 0.081055 0.126953
9 0.399089 0.584473 0.088542 0.099609
9 0.416667 0.510986 0.095052 0.094238
9 0.922689 0.477783 0.071940 0.131348
6 0.632161 0.135254 0.093750 0.136719
5 0.277669 0.091064 0.091146 0.123535
6 0.341146 0.675293 0.100911 0.113281
5 0.510905 0.651855 0.077148 0.133789
6 0.241048 0.433594 0.075195 0.123047
5 0.773275 0.334229 0.073893 0.144043
6 0.577474 0.081299 0.072266 0.132324
6 0.797852 0.561035 0.063802 0.085938
8 0.583822 0.654541 0.066732 0.145996
6 0.702311 0.646729 0.045247 0.123535
6 0.319010 0.581055 0.080078 0.112305
6 0.401855 0.099854 0.081706 0.109863
8 0.558431 0.326172 0.071289 0.111328
5 0.621094 0.331055 0.070312 0.112305
6 0.499023 0.552734 0.076823 0.092773
6 0.737793 0.537354 0.067383 0.092285
9 0.969401 0.720703 0.061198 0.109375
5 0.868327 0.860107 0.095378 0.160645
9 0.334798 0.050537 0.066081 0.101074
6 0.464844 0.116943 0.070964 0.103027
6 0.770345 0.474854 0.063477 0.097168
6 0.855957 0.783691 0.098633 0.119141
6 0.503418 0.058838 0.081706 0.115723
8 0.039551 0.658691 0.049805 0.080078
