5 0.380046 0.541504 0.099284 0.117188
6 0.778483 0.397705 0.073893 0.120605
6 0.523275 0.750732 0.092122 0.145996
5 0.235026 0.576416 0.078776 0.153809
5 0.232747 0.417480 0.106120 0.137695
5 0.712728 0.691162 0.083659 0.123535
6 0.814290 0.569336 0.090169 0.141602
6 0.445638 0.328613 0.076172 0.108398
6 0.123372 0.406250 0.098958 0.123047
5 0.308268 0.575439 0.075521 0.148926
9 0.256022 0.162598 0.088216 0.139648
6 0.480957 0.485107 0.080404 0.131348
5 0.473145 0.593750 0.094076 0.113281
6 0.592611 0.571045 0.094076 0.134277
9 0.663900 0.910889 0.095378 0.127441
6 0.389323 0.649902 0.097656 0.127930
9 0.673991 0.602051 0.099284 0.147461
9 0.195964 0.250488 0.103516 0.121094
5 0.605469 0.107666 0.102214 0.125488
6 0.945638 0.909668 0.078776 0.124023
6 0.878906 0.839355 0.102214 0.137695
9 0.620117 0.430908 0.078776 0.122559
9 0.815918 0.279785 0.086263 0.122070
6 0.157878 0.592285 0.084635 0.142578
6 0.453125 0.716553 0.084635 0.123535
5 0.890299 0.711670 0.078125 0.119629
6 0.452799 0.100098 0.085286 0.134766
9 0.764648 0.768555 0.088542 0.111328
6 0.619141 0.820801 0.102865 0.132812
5 0.645508 0.314941 0.107422 0.120117
5 0.539388 0.397461 0.093099 0.118164
6 0.117188 0.080811 0.085938 0.128418
5 0.563314 0.497803 0.088867 0.116699
9 0.432454 0.885986 0.092773 0.152832
6 0.163249 0.164551 0.094076 0.093750
5 0.506673 0.913330 0.072591 0.147949
6 0.806803 0.690430 0.088867 0.115234
6 0.693197 0.399170 0.077148 0.116699
6 0.567057 0.936523 0.098958 0.125000
5 0.385254 0.055176 0.088216 0.110352
6 0.134115 0.509033 0.104818 0.107910
5 0.382487 0.282959 0.100911 0.131348
6 0.486654 0.251221 0.070312 0.145020
5 0.343262 0.388184 0.093424 0.111328
6 0.731934 0.240234 0.073893 0.110352
5 0.788574 0.168457 0.086263 0.145508
6 0.643555 0.221680 0.083333 0.101562
5 0.795898 0.884766 0.085938 0.143555
9 0.555990 0.290039 0.079427 0.114258
5 0.418132 0.439697 0.071940 0.101074
6 0.757324 0.557861 0.072591 0.161621
9 0.715332 0.483398 0.106445 0.104492
5 0.568034 0.201416 0.096354 0.097168
5 0.339355 0.471924 0.092122 0.083496
6 0.710286 0.139404 0.098307 0.087402
6 0.737142 0.329590 0.080404 0.093750
6 0.857910 0.411621 0.081706 0.171875
6 0.867350 0.945557 0.086263 0.098145
6 0.294434 0.075684 0.088867 0.129883
9 0.854167 0.158447 0.079427 0.138184
9 0.553060 0.057861 0.080078 0.095215
