5 0.610026 0.294189 0.078125 0.133301
6 0.854492 0.666260 0.095052 0.127441
6 0.899740 0.852539 0.082682 0.129883
6 0.218099 0.201660 0.071615 0.125000
5 0.460938 0.252930 0.088542 0.135742
5 0.054362 0.545898 0.098307 0.134766
6 0.150065 0.217529 0.076823 0.127441
5 0.166667 0.390137 0.097656 0.129883
6 0.184245 0.491211 0.098958 0.121094
5 0.601562 0.567627 0.084635 0.105957
6 0.526693 0.531250 0.074870 0.101562
6 0.957845 0.163574 0.083008 0.122070
6 0.855469 0.770020 0.091146 0.098633
6 0.538574 0.268311 0.073893 0.129395
6 0.522135 0.640869 0.075521 0.123535
6 0.734701 0.662354 0.095703 0.142090
5 0.556478 0.437500 0.094076 0.127930
6 0.969889 0.483887 0.060221 0.131836
6 0.458008 0.542725 0.068359 0.124512
9 0.829590 0.886230 0.083659 0.157227
6 0.976725 0.238281 0.046549 0.104492
6 0.262533 0.277100 0.090169 0.119629
6 0.591960 0.664307 0.075846 0.111816
