5 0.184733 0.413574 0.087565 0.151367
9 0.082682 0.402588 0.110026 0.158691
6 0.567057 0.670166 0.116536 0.150879
9 0.633626 0.576660 0.097331 0.151367
12 0.901042 0.738770 0.083984 0.123047
5 0.330566 0.562012 0.098633 0.149414
6 0.787598 0.882324 0.090820 0.138672
5 0.798991 0.596436 0.096029 0.134277
5 0.867188 0.485840 0.080729 0.136719
6 0.766602 0.734863 0.106771 0.132812
6 0.211263 0.095703 0.101562 0.133789
6 0.789062 0.473145 0.082031 0.128906
6 0.725260 0.636963 0.096354 0.150879
6 0.122396 0.233887 0.091146 0.123047
6 0.164225 0.171875 0.093424 0.141602
12 0.485514 0.695801 0.053711 0.077148
9 0.119141 0.319336 0.102214 0.098633
