5 0.806966 0.366699 0.095052 0.154297
9 0.578939 0.370361 0.095378 0.117676
6 0.198242 0.365723 0.102214 0.158203
9 0.301921 0.433594 0.099284 0.137695
9 0.278320 0.532715 0.093099 0.117188
6 0.543945 0.466553 0.082031 0.134277
8 0.501465 0.346436 0.073893 0.100098
5 0.894694 0.388428 0.086914 0.129395
9 0.865560 0.554932 0.075521 0.168457
6 0.627441 0.473877 0.093424 0.135254
6 0.175781 0.494141 0.110026 0.114258
6 0.614746 0.596436 0.113607 0.122559
6 0.919596 0.502197 0.077474 0.116699
5 0.804525 0.527100 0.063477 0.163574
6 0.058431 0.344482 0.081706 0.150879
6 0.038411 0.583008 0.076823 0.140625
6 0.710449 0.463623 0.077148 0.127441
5 0.137044 0.586426 0.083984 0.124023
9 0.267904 0.314941 0.099609 0.134766
6 0.740885 0.531494 0.074870 0.092285
6 0.111979 0.361816 0.061849 0.163086
6 0.722005 0.613037 0.095703 0.126465
