6 0.930339 0.336670 0.091797 0.126465
10 0.781250 0.273193 0.100260 0.128418
5 0.212728 0.539062 0.093424 0.140625
6 0.412760 0.490234 0.095703 0.149414
6 0.192220 0.772217 0.092122 0.147949
6 0.282552 0.464844 0.095703 0.140625
5 0.357910 0.609131 0.096029 0.148926
6 0.256999 0.671631 0.108398 0.145996
6 0.621094 0.254883 0.092448 0.152344
6 0.100098 0.745605 0.101888 0.148438
5 0.336263 0.388672 0.104167 0.148438
6 0.509277 0.419434 0.093424 0.162109
5 0.420736 0.314209 0.101237 0.131348
8 0.902344 0.235840 0.094401 0.108398
6 0.690592 0.302002 0.073242 0.150879
8 0.071777 0.569824 0.071289 0.120117
8 0.283366 0.805664 0.069336 0.111328
6 0.448079 0.386719 0.088216 0.113281
8 0.742513 0.351318 0.057943 0.091309
5 0.856120 0.366211 0.078125 0.182617
