6 0.332194 0.371338 0.093424 0.153809
6 0.412109 0.707520 0.149740 0.140625
6 0.130371 0.394043 0.085612 0.151367
5 0.607259 0.209229 0.113607 0.138184
6 0.571289 0.457275 0.085286 0.123535
6 0.402344 0.563721 0.106771 0.145996
9 0.485352 0.376221 0.105469 0.131348
6 0.575195 0.305664 0.100911 0.118164
6 0.202962 0.532715 0.133789 0.176758
6 0.460775 0.479004 0.083659 0.113281
6 0.579264 0.606934 0.081706 0.101562
9 0.539876 0.551514 0.103190 0.138184
9 0.211589 0.354980 0.100911 0.150391
8 0.476237 0.585449 0.049479 0.092773
