5 0.211263 0.333252 0.076172 0.137207
9 0.304362 0.298828 0.086589 0.157227
5 0.839193 0.274170 0.086589 0.125488
5 0.744466 0.505615 0.074219 0.130371
6 0.449382 0.443848 0.086914 0.118164
9 0.238770 0.450439 0.102539 0.133301
5 0.577474 0.748291 0.085286 0.116699
9 0.702962 0.446045 0.084961 0.126465
9 0.447103 0.331299 0.088867 0.128418
6 0.643066 0.636963 0.083008 0.113770
6 0.596680 0.232666 0.078776 0.128418
9 0.333333 0.583008 0.082031 0.145508
5 0.437012 0.844971 0.088216 0.124512
6 0.351725 0.810303 0.091471 0.118652
9 0.944824 0.394531 0.102539 0.157227
9 0.776855 0.069824 0.068034 0.118164
9 0.624023 0.399658 0.080078 0.127441
5 0.626139 0.511719 0.077148 0.120117
6 0.503092 0.128174 0.075846 0.109863
6 0.565592 0.531738 0.079102 0.137695
9 0.409342 0.562256 0.075195 0.144043
9 0.569824 0.106201 0.072591 0.126465
9 0.083333 0.260010 0.089193 0.136230
6 0.663737 0.743652 0.075521 0.126953
5 0.076335 0.537598 0.093424 0.131836
5 0.533040 0.397461 0.083659 0.135742
5 0.860514 0.402100 0.081055 0.147949
6 0.257487 0.655273 0.090495 0.113281
6 0.374512 0.412842 0.090169 0.138184
6 0.257650 0.845459 0.091471 0.129395
6 0.125814 0.366211 0.097982 0.122070
9 0.374837 0.717773 0.111003 0.141602
6 0.444661 0.688965 0.059896 0.110352
6 0.723958 0.264893 0.084635 0.124512
6 0.394206 0.275391 0.093750 0.131836
6 0.184733 0.173828 0.076497 0.131836
6 0.503255 0.713623 0.070964 0.140137
9 0.803711 0.651855 0.102865 0.145508
6 0.901530 0.198730 0.083008 0.153320
6 0.494466 0.504639 0.073568 0.100098
9 0.260905 0.197754 0.088216 0.162109
9 0.776367 0.904541 0.080078 0.117676
9 0.685872 0.568359 0.069661 0.121094
6 0.724772 0.822266 0.090820 0.107422
6 0.484049 0.590576 0.083984 0.113770
5 0.784668 0.200684 0.076497 0.127930
9 0.941569 0.061035 0.086914 0.122070
5 0.461100 0.198242 0.082357 0.109375
6 0.812988 0.460205 0.078451 0.105957
6 0.516927 0.254639 0.073568 0.124512
6 0.703939 0.161621 0.071940 0.108398
6 0.114909 0.131104 0.075521 0.135254
6 0.726888 0.698486 0.072917 0.138184
6 0.831543 0.807861 0.095378 0.139160
6 0.241048 0.560059 0.084310 0.109375
5 0.676758 0.323975 0.091146 0.118652
6 0.501953 0.903564 0.094401 0.156738
5 0.180013 0.056152 0.087240 0.111328
6 0.334961 0.923584 0.079427 0.135254
6 0.565918 0.650635 0.081055 0.108887
6 0.400553 0.142578 0.091471 0.125977
9 0.159831 0.538086 0.082682 0.121094
6 0.825358 0.542725 0.092773 0.082520
9 0.842773 0.147949 0.071615 0.113281
5 0.100098 0.438965 0.106445 0.107422
6 0.795085 0.354980 0.062174 0.101562
6 0.157227 0.265869 0.072266 0.112793
9 0.714030 0.935059 0.102539 0.121094
5 0.395671 0.035400 0.072591 0.070801
9 0.854004 0.044922 0.083659 0.089844
9 0.510742 0.037842 0.075521 0.075684
6 0.271810 0.942871 0.091146 0.105469
9 0.583496 0.942871 0.096029 0.104492
6 0.899251 0.639893 0.099284 0.154785
6 0.666992 0.075195 0.076172 0.103516
6 0.776855 0.757080 0.045247 0.088379
6 0.453939 0.030029 0.042643 0.060059
6 0.721191 0.049805 0.059570 0.097656
