6 0.166016 0.597412 0.095703 0.142090
6 0.839030 0.321533 0.098633 0.157715
6 0.425944 0.407471 0.101888 0.168457
6 0.908529 0.128906 0.095703 0.125977
6 0.067057 0.578857 0.099609 0.152832
6 0.535807 0.606201 0.104167 0.145020
6 0.353678 0.461426 0.093424 0.168945
6 0.444661 0.846680 0.091146 0.152344
6 0.549154 0.725342 0.082682 0.110840
6 0.315104 0.824219 0.108073 0.153320
6 0.776693 0.417480 0.086589 0.127930
6 0.256999 0.516357 0.099935 0.151855
6 0.040853 0.428467 0.081055 0.144043
6 0.692871 0.443848 0.092773 0.157227
5 0.461100 0.706299 0.096680 0.141113
6 0.205078 0.700928 0.095703 0.132324
6 0.924479 0.312500 0.095052 0.128906
5 0.944173 0.212158 0.098633 0.131348
6 0.824056 0.537842 0.097331 0.127441
6 0.661621 0.598389 0.105794 0.125488
