6 0.477051 0.295898 0.075195 0.135742
9 0.352539 0.569336 0.109375 0.152344
6 0.564128 0.126709 0.098307 0.128418
5 0.772786 0.772949 0.082682 0.132812
6 0.506999 0.439453 0.124674 0.125977
9 0.646322 0.407715 0.107096 0.152344
5 0.766439 0.270996 0.125977 0.159180
5 0.393229 0.700684 0.082682 0.134766
6 0.836100 0.695801 0.105794 0.135742
5 0.866374 0.806641 0.102539 0.132812
6 0.089844 0.877197 0.079427 0.138184
5 0.938639 0.328369 0.093424 0.137207
5 0.312012 0.705322 0.088216 0.129395
5 0.387207 0.442627 0.099284 0.136230
6 0.871908 0.227051 0.089518 0.144531
5 0.454915 0.763672 0.099935 0.123047
6 0.207031 0.850342 0.089193 0.131348
5 0.145996 0.909668 0.084961 0.141602
5 0.857910 0.379395 0.100586 0.133789
5 0.443197 0.589600 0.082357 0.110840
6 0.781738 0.441650 0.107747 0.171387
9 0.408203 0.264893 0.072266 0.140137
5 0.348633 0.068848 0.099609 0.130859
8 0.499186 0.200684 0.071940 0.117188
5 0.568197 0.242676 0.089518 0.123047
5 0.293294 0.802490 0.124349 0.134277
5 0.063639 0.077393 0.081055 0.131348
6 0.608561 0.312744 0.087565 0.112793
6 0.921224 0.117920 0.092448 0.131348
6 0.956055 0.205566 0.083333 0.096680
5 0.480306 0.675781 0.083659 0.079102
6 0.719727 0.520264 0.095703 0.139160
5 0.337077 0.161621 0.097982 0.099609
5 0.327474 0.268311 0.091146 0.115723
6 0.534505 0.364258 0.098958 0.113281
