5 0.699056 0.321777 0.085612 0.133789
6 0.051107 0.657959 0.086589 0.131348
6 0.262044 0.869141 0.087240 0.134766
6 0.413086 0.530273 0.087240 0.126953
6 0.505046 0.489502 0.089518 0.116699
6 0.094727 0.776123 0.085938 0.132324
6 0.571126 0.647461 0.079753 0.118164
6 0.575846 0.286621 0.102865 0.125000
5 0.457845 0.415039 0.090820 0.121094
5 0.497396 0.640137 0.075521 0.123047
6 0.349121 0.773193 0.084961 0.135254
6 0.417643 0.772705 0.062500 0.131348
6 0.523112 0.362305 0.080729 0.120117
6 0.629069 0.604004 0.074544 0.125977
6 0.786621 0.294189 0.090820 0.135254
6 0.480469 0.789062 0.074870 0.141602
6 0.187174 0.592773 0.092448 0.135742
6 0.621908 0.496338 0.082357 0.094238
6 0.430501 0.624756 0.084310 0.098145
6 0.602539 0.390869 0.080078 0.112793
