9 0.753092 0.755371 0.114909 0.157227
6 0.570475 0.461670 0.083659 0.142090
6 0.067220 0.837646 0.097331 0.148926
6 0.209147 0.325195 0.088216 0.134766
5 0.430176 0.122314 0.094727 0.152832
6 0.220866 0.178467 0.093424 0.135254
6 0.314453 0.506348 0.087891 0.132812
6 0.391439 0.719727 0.091471 0.142578
6 0.777344 0.356445 0.091797 0.151367
6 0.455078 0.463379 0.098307 0.140625
5 0.653483 0.492676 0.084961 0.134766
6 0.031576 0.220215 0.063151 0.134766
9 0.669271 0.362061 0.089193 0.131348
9 0.513997 0.625488 0.098307 0.141602
6 0.247884 0.431885 0.094727 0.126465
6 0.286784 0.327881 0.070964 0.125488
6 0.732096 0.447998 0.101562 0.149902
6 0.714681 0.880371 0.080404 0.125977
6 0.783040 0.549072 0.079753 0.129395
6 0.633464 0.680664 0.089844 0.122070
10 0.600260 0.586914 0.076823 0.106445
6 0.652507 0.836182 0.090169 0.162598
8 0.555664 0.726807 0.097656 0.116699
0 0.496745 0.539795 0.082031 0.106934
6 0.592936 0.944092 0.094076 0.104980
12 0.822266 0.454102 0.060547 0.083984
6 0.347493 0.081543 0.092773 0.130859
5 0.698079 0.606934 0.106445 0.163086
8 0.557780 0.877686 0.085612 0.119629
9 0.800618 0.879639 0.085612 0.149902
12 0.336751 0.750732 0.045898 0.075684
