6 0.238932 0.654297 0.089844 0.133789
9 0.328288 0.869385 0.109049 0.145996
6 0.826497 0.121826 0.082682 0.146973
5 0.909342 0.117676 0.086263 0.118164
6 0.297852 0.488281 0.089193 0.116211
5 0.698893 0.619629 0.091146 0.128906
6 0.409180 0.673096 0.076823 0.135254
6 0.679688 0.502686 0.078776 0.121582
6 0.170410 0.770752 0.086914 0.140137
5 0.575358 0.735107 0.083008 0.116699
9 0.482422 0.723389 0.091797 0.129395
9 0.081543 0.531738 0.085612 0.148438
5 0.755859 0.102783 0.066406 0.117676
5 0.338867 0.402832 0.082682 0.110352
6 0.147298 0.625732 0.093424 0.140137
5 0.252279 0.790283 0.086589 0.145996
9 0.142904 0.194824 0.097005 0.172852
8 0.593424 0.302734 0.081380 0.104492
5 0.933105 0.259521 0.086914 0.145020
6 0.739746 0.394531 0.096680 0.130859
5 0.515137 0.405273 0.077148 0.125977
9 0.618164 0.608643 0.070964 0.133301
6 0.794759 0.313965 0.087565 0.110352
6 0.602702 0.402344 0.096680 0.111328
5 0.461751 0.310059 0.107096 0.130859
6 0.475098 0.541260 0.084310 0.124512
9 0.700358 0.207764 0.099935 0.127441
6 0.483724 0.927002 0.100911 0.142090
5 0.432780 0.419678 0.091471 0.113770
6 0.778158 0.224854 0.075846 0.111816
5 0.390137 0.504883 0.084310 0.109375
6 0.862956 0.277832 0.078125 0.132812
6 0.469076 0.179688 0.085286 0.123047
9 0.541504 0.622070 0.088867 0.126953
6 0.351888 0.296875 0.094401 0.135742
6 0.854980 0.451660 0.099935 0.158203
8 0.533203 0.231934 0.076823 0.145508
6 0.631999 0.852783 0.090169 0.124512
9 0.329915 0.584961 0.117513 0.126953
6 0.252930 0.433838 0.083333 0.165527
9 0.616374 0.196289 0.072591 0.120117
9 0.562500 0.114258 0.098307 0.131836
6 0.048014 0.297852 0.096029 0.119141
9 0.030599 0.395996 0.061198 0.128906
6 0.019857 0.507568 0.039714 0.117676
5 0.682780 0.097656 0.077148 0.112305
5 0.679525 0.316895 0.092122 0.123047
5 0.055013 0.187500 0.085938 0.122070
5 0.844889 0.935791 0.082357 0.123535
5 0.454102 0.082031 0.095703 0.131836
6 0.170410 0.878662 0.094727 0.100098
6 0.542969 0.506592 0.082031 0.117676
6 0.628906 0.057373 0.093099 0.114746
6 0.976562 0.193604 0.046875 0.124512
5 0.653483 0.735107 0.076497 0.136230
5 0.063965 0.081543 0.101888 0.111328
8 0.424967 0.883057 0.084961 0.118652
5 0.333659 0.677979 0.091146 0.102051
8 0.733073 0.755615 0.088542 0.117676
8 0.344564 0.754639 0.099284 0.084473
5 0.455729 0.610840 0.068359 0.110352
