5 0.041178 0.168945 0.082357 0.154297
6 0.623047 0.769043 0.086589 0.143555
5 0.822591 0.754639 0.098958 0.145020
5 0.405599 0.255859 0.101562 0.165039
6 0.729329 0.647217 0.092773 0.139160
5 0.284342 0.476318 0.086263 0.149902
6 0.641439 0.626953 0.097982 0.150391
6 0.368652 0.446289 0.089518 0.145508
5 0.080892 0.684326 0.093424 0.153809
5 0.952311 0.792725 0.095378 0.149902
6 0.466960 0.603271 0.113607 0.152832
6 0.279297 0.140869 0.102865 0.161621
5 0.410970 0.508789 0.089518 0.133789
6 0.710775 0.805420 0.098633 0.160645
6 0.916667 0.937744 0.091797 0.114746
