6 0.243815 0.295166 0.096354 0.128418
6 0.885417 0.412354 0.083984 0.121582
5 0.263672 0.405518 0.092448 0.115723
6 0.602539 0.636475 0.081380 0.120605
6 0.331706 0.466797 0.079427 0.135742
6 0.955892 0.373779 0.075195 0.119629
9 0.563639 0.498291 0.102539 0.160645
9 0.674642 0.437012 0.103190 0.144531
6 0.346842 0.222900 0.091471 0.122559
6 0.749186 0.395508 0.073242 0.127930
6 0.475098 0.271729 0.092773 0.145020
6 0.820150 0.456543 0.080404 0.128906
9 0.668620 0.574707 0.109375 0.144531
6 0.658366 0.321777 0.096029 0.120117
6 0.929036 0.258545 0.089844 0.120605
6 0.758301 0.527344 0.079753 0.135742
6 0.593913 0.398438 0.082357 0.121094
6 0.454753 0.900635 0.095052 0.135254
6 0.261068 0.512939 0.080729 0.103027
6 0.861003 0.304688 0.080729 0.114258
6 0.393392 0.794922 0.077799 0.130859
6 0.451986 0.753906 0.078451 0.137695
