5 0.918783 0.544922 0.089518 0.114258
9 0.625000 0.206055 0.086589 0.130859
5 0.328125 0.283936 0.102865 0.138184
9 0.254883 0.779297 0.078776 0.150391
5 0.557780 0.151367 0.090820 0.139648
5 0.518717 0.669678 0.077148 0.127441
6 0.854818 0.821045 0.097005 0.146973
5 0.779785 0.648438 0.096680 0.132812
6 0.835775 0.448730 0.077799 0.109375
6 0.419434 0.295898 0.084310 0.127930
9 0.200521 0.583496 0.081380 0.150391
6 0.104980 0.769043 0.088216 0.125977
9 0.839193 0.338379 0.097005 0.126953
6 0.856934 0.589844 0.082357 0.141602
6 0.688802 0.619141 0.078776 0.138672
5 0.256348 0.387695 0.093424 0.132812
9 0.331543 0.754639 0.090820 0.140137
6 0.186035 0.750732 0.077799 0.171387
5 0.442708 0.670166 0.085286 0.147949
6 0.640788 0.879639 0.088216 0.138184
9 0.591471 0.525391 0.089193 0.130859
5 0.378255 0.070801 0.095052 0.116211
9 0.387044 0.494141 0.093750 0.131836
5 0.508464 0.249268 0.084635 0.124512
5 0.727865 0.073730 0.087891 0.115234
6 0.693685 0.766846 0.061849 0.125488
6 0.648926 0.100586 0.093424 0.125000
6 0.416341 0.763184 0.078125 0.119141
6 0.552246 0.445312 0.093424 0.126953
8 0.458984 0.189453 0.080078 0.138672
5 0.555501 0.852295 0.094727 0.124512
6 0.468750 0.517578 0.074219 0.126953
9 0.113770 0.654297 0.092773 0.124023
6 0.503092 0.931885 0.101888 0.132324
5 0.600423 0.314453 0.112305 0.118164
5 0.362467 0.651611 0.079753 0.098145
5 0.911784 0.771729 0.078125 0.100098
5 0.756510 0.736328 0.091797 0.106445
5 0.807292 0.095215 0.086589 0.114258
6 0.378581 0.858398 0.090495 0.104492
5 0.896322 0.678223 0.088867 0.114258
5 0.363444 0.390381 0.087565 0.102051
5 0.926921 0.438965 0.099935 0.111328
5 0.519857 0.374756 0.074219 0.149902
6 0.297689 0.458740 0.081055 0.104980
6 0.537109 0.575928 0.084635 0.120605
5 0.970703 0.602783 0.058594 0.108887
6 0.938639 0.244873 0.085612 0.114746
5 0.967773 0.708740 0.063802 0.114746
9 0.883301 0.939697 0.083659 0.110840
6 0.806641 0.242920 0.102214 0.124512
5 0.753418 0.161133 0.081706 0.105469
8 0.460775 0.392334 0.065430 0.145020
6 0.360026 0.568604 0.085938 0.100098
5 0.382975 0.184326 0.079753 0.118652
6 0.745768 0.840576 0.092448 0.110840
6 0.949382 0.846680 0.077148 0.111328
5 0.929199 0.347168 0.086914 0.101562
6 0.859863 0.174316 0.070638 0.131836
9 0.774251 0.920898 0.091471 0.121094
5 0.609538 0.664062 0.094076 0.147461
6 0.279622 0.559814 0.084635 0.127441
5 0.277018 0.651855 0.083984 0.111328
5 0.925293 0.129395 0.091471 0.130859
6 0.568359 0.757568 0.087891 0.081543
5 0.726237 0.382080 0.087891 0.130371
9 0.718913 0.953857 0.088867 0.083496
