6 0.381999 0.673096 0.079753 0.118652
6 0.552083 0.582275 0.080078 0.123535
6 0.752279 0.372070 0.081380 0.121094
6 0.606445 0.343506 0.093099 0.162598
6 0.361165 0.186035 0.104492 0.146484
6 0.766276 0.258545 0.106771 0.123535
6 0.494141 0.742432 0.093099 0.117676
5 0.743164 0.132812 0.103516 0.120117
6 0.666504 0.284912 0.083008 0.132324
6 0.350586 0.544434 0.104167 0.125977
6 0.503255 0.269287 0.098958 0.152832
6 0.304036 0.616211 0.087891 0.125000
6 0.451172 0.823486 0.085286 0.131348
6 0.298340 0.265381 0.099284 0.143066
6 0.187500 0.758301 0.093099 0.137695
6 0.481608 0.633789 0.092773 0.101562
5 0.453125 0.549316 0.090495 0.132812
6 0.828288 0.369141 0.075195 0.148438
8 0.205729 0.571777 0.091797 0.124023
6 0.228190 0.663330 0.077474 0.107910
6 0.291504 0.720703 0.073893 0.104492
6 0.302734 0.844727 0.074870 0.130859
