6 0.344401 0.409180 0.104818 0.159180
8 0.479980 0.351807 0.110352 0.180176
6 0.703613 0.394775 0.097331 0.138184
6 0.212240 0.633545 0.100260 0.131348
9 0.432129 0.659668 0.092773 0.153320
5 0.210612 0.739990 0.090495 0.116699
9 0.311849 0.632324 0.097005 0.143555
6 0.498047 0.550781 0.096354 0.142578
10 0.816243 0.125244 0.081706 0.121582
6 0.475260 0.801514 0.085938 0.131348
6 0.560872 0.265869 0.092448 0.134277
6 0.554688 0.685303 0.093099 0.123535
6 0.644368 0.230713 0.080404 0.119629
6 0.274251 0.787842 0.083008 0.156738
6 0.361328 0.724854 0.079427 0.109863
5 0.770671 0.196289 0.084310 0.097656
8 0.201660 0.873779 0.090169 0.138184
6 0.621094 0.656494 0.093750 0.160645
12 0.264323 0.933105 0.048177 0.063477
12 0.706706 0.223877 0.061198 0.103027
