6 0.762370 0.464844 0.076823 0.130859
6 0.112793 0.397461 0.097331 0.143555
9 0.076172 0.721436 0.112630 0.186035
6 0.138672 0.124268 0.077474 0.134277
6 0.215169 0.294922 0.102214 0.145508
6 0.332357 0.366943 0.095703 0.146973
6 0.210449 0.050537 0.092773 0.101074
6 0.884928 0.833984 0.092773 0.138672
6 0.794922 0.607666 0.089844 0.120605
6 0.061198 0.118164 0.082682 0.124023
6 0.457682 0.237549 0.085938 0.132324
6 0.897786 0.685303 0.089193 0.127441
6 0.036621 0.572754 0.073242 0.129883
9 0.199219 0.161865 0.093750 0.134277
6 0.513672 0.173096 0.083984 0.140137
6 0.592122 0.217529 0.086589 0.145996
6 0.473633 0.582764 0.098307 0.150879
6 0.686849 0.463135 0.087240 0.142090
6 0.490885 0.720215 0.098958 0.130859
6 0.840169 0.476807 0.075521 0.113770
