5 0.567708 0.680908 0.099609 0.130371
5 0.842122 0.078857 0.095052 0.147949
6 0.784180 0.812500 0.113281 0.157227
9 0.484375 0.395264 0.120443 0.152832
6 0.310221 0.499268 0.096354 0.167480
6 0.230469 0.426514 0.093099 0.153809
6 0.946777 0.748291 0.097331 0.143066
6 0.560221 0.243652 0.100911 0.145508
6 0.294922 0.282227 0.088542 0.136719
6 0.158040 0.379883 0.082357 0.129883
6 0.849447 0.686035 0.100586 0.122070
6 0.579264 0.450195 0.116862 0.148438
6 0.838216 0.570068 0.106771 0.133301
6 0.467611 0.497070 0.086263 0.108398
6 0.582520 0.575195 0.110352 0.109375
12 0.137858 0.462891 0.053711 0.076172
