5 0.628581 0.740967 0.086589 0.131348
9 0.787272 0.513672 0.083008 0.149414
6 0.459473 0.613770 0.114258 0.143555
6 0.932292 0.640381 0.091146 0.139160
6 0.832031 0.419922 0.102214 0.156250
6 0.127604 0.729980 0.067708 0.111328
6 0.716797 0.542969 0.100260 0.150391
9 0.552409 0.758301 0.085938 0.156250
6 0.472168 0.741699 0.097982 0.148438
5 0.197917 0.700195 0.085938 0.118164
6 0.592936 0.609131 0.081706 0.146973
6 0.033203 0.561523 0.066406 0.131836
5 0.662923 0.624756 0.096680 0.137207
5 0.726400 0.701416 0.105794 0.145020
6 0.053060 0.718018 0.082682 0.131348
6 0.152995 0.596924 0.094401 0.130371
9 0.101725 0.622314 0.090169 0.141113
8 0.369466 0.573486 0.068359 0.095215
12 0.364421 0.654541 0.063477 0.081543
6 0.069661 0.387695 0.080078 0.125977
