5 0.323568 0.633057 0.077474 0.120605
6 0.460449 0.669678 0.097331 0.109863
6 0.837240 0.302734 0.084635 0.118164
6 0.048014 0.781982 0.094076 0.136230
6 0.189616 0.310791 0.097982 0.156738
6 0.359375 0.845947 0.089844 0.119629
6 0.542155 0.116455 0.103190 0.125488
6 0.767578 0.370850 0.072266 0.126465
6 0.268555 0.394287 0.095703 0.157715
6 0.236328 0.573486 0.095703 0.138184
6 0.539388 0.771729 0.090495 0.129395
6 0.701986 0.338623 0.086263 0.126465
6 0.968750 0.503418 0.061849 0.128906
9 0.381673 0.735596 0.087565 0.122559
6 0.448568 0.782227 0.084635 0.121094
6 0.575846 0.217529 0.080729 0.141113
6 0.097819 0.299072 0.087565 0.159668
8 0.298665 0.944092 0.088867 0.111816
6 0.700033 0.690674 0.097982 0.142090
6 0.437012 0.894531 0.081706 0.111328
6 0.390137 0.163574 0.094727 0.143555
6 0.824219 0.478516 0.085286 0.129883
5 0.927409 0.075439 0.095052 0.139160
6 0.515625 0.544434 0.092448 0.137695
6 0.544759 0.394287 0.082357 0.133301
6 0.744303 0.182617 0.092773 0.154297
6 0.116536 0.536377 0.102865 0.139160
9 0.366536 0.290527 0.106771 0.152344
6 0.933105 0.311279 0.091471 0.112793
5 0.650065 0.225586 0.072266 0.143555
6 0.883626 0.177002 0.092773 0.118652
6 0.346191 0.512695 0.096680 0.108398
6 0.659180 0.601807 0.095703 0.113770
6 0.466146 0.401367 0.082682 0.136719
6 0.388509 0.952148 0.081055 0.095703
6 0.862467 0.379150 0.064779 0.115723
6 0.673340 0.456055 0.092773 0.125000
6 0.405599 0.592773 0.090495 0.124023
6 0.924479 0.423828 0.087240 0.150391
8 0.952637 0.218506 0.076497 0.123535
