5 0.560872 0.447266 0.083984 0.133789
6 0.379069 0.285889 0.100586 0.131348
6 0.881836 0.228027 0.084635 0.131836
5 0.727539 0.545898 0.087891 0.119141
6 0.812012 0.293701 0.100586 0.106934
6 0.518229 0.232666 0.085286 0.137207
5 0.454915 0.558105 0.091471 0.129883
6 0.876628 0.486572 0.082682 0.104004
6 0.275228 0.593994 0.088867 0.133301
6 0.321940 0.886230 0.086589 0.130859
6 0.185872 0.375732 0.101562 0.139160
6 0.251628 0.459717 0.091797 0.127441
6 0.915690 0.365234 0.078776 0.127930
6 0.895508 0.581055 0.089193 0.121094
6 0.359863 0.454834 0.108398 0.145020
6 0.840007 0.389160 0.083008 0.108398
6 0.294108 0.250732 0.096029 0.140137
6 0.827148 0.618896 0.085938 0.119629
6 0.448405 0.421631 0.083659 0.122559
6 0.045410 0.348389 0.090820 0.126465
5 0.715983 0.640137 0.076497 0.100586
6 0.304199 0.685303 0.077799 0.117676
6 0.389648 0.673828 0.096354 0.144531
6 0.769206 0.701416 0.081380 0.123535
5 0.708659 0.347168 0.071615 0.136719
6 0.640299 0.382812 0.079427 0.153320
6 0.035482 0.241455 0.070964 0.125488
6 0.754069 0.389160 0.083008 0.116211
6 0.801270 0.513916 0.079753 0.115723
6 0.767904 0.479248 0.090495 0.097168
