6 0.184408 0.699951 0.084310 0.112793
9 0.227702 0.514404 0.099284 0.143066
6 0.158854 0.582031 0.070964 0.118164
5 0.353678 0.370850 0.078451 0.133301
6 0.276042 0.367676 0.083333 0.137695
6 0.064779 0.458252 0.089193 0.122559
6 0.311035 0.538574 0.079102 0.151367
6 0.237467 0.640625 0.088216 0.109375
6 0.826335 0.561768 0.088216 0.123535
6 0.657552 0.346436 0.090495 0.133301
6 0.738770 0.354492 0.081055 0.128906
5 0.504720 0.428955 0.090820 0.129395
6 0.782715 0.460938 0.086914 0.120117
6 0.581380 0.593750 0.102865 0.145508
6 0.831543 0.380859 0.096029 0.142578
6 0.971354 0.258301 0.057292 0.125977
12 0.084147 0.541992 0.062174 0.069336
