6 0.067383 0.476562 0.096354 0.139648
6 0.175130 0.567627 0.099609 0.146973
6 0.401530 0.590088 0.105143 0.149902
6 0.779622 0.523193 0.087240 0.117676
6 0.219889 0.314697 0.105143 0.155762
6 0.562174 0.614258 0.096354 0.144531
9 0.482422 0.677246 0.107422 0.165039
9 0.782227 0.641846 0.102865 0.160645
6 0.086751 0.606201 0.082357 0.132324
6 0.583984 0.417236 0.098958 0.173340
6 0.873372 0.620850 0.092448 0.154785
6 0.347819 0.458740 0.106445 0.147949
6 0.172526 0.763916 0.109375 0.141113
6 0.871582 0.463379 0.098633 0.139648
6 0.139486 0.680908 0.107747 0.114746
6 0.706217 0.427002 0.097982 0.151855
9 0.933919 0.550293 0.093099 0.154297
5 0.298014 0.567871 0.099935 0.148438
5 0.143880 0.263184 0.095052 0.156250
9 0.059245 0.362793 0.094401 0.106445
