6 0.380534 0.383301 0.096354 0.132812
6 0.650391 0.337891 0.084635 0.131836
6 0.567546 0.297607 0.096029 0.144043
6 0.447103 0.295166 0.099284 0.145020
6 0.301432 0.464600 0.091797 0.134277
6 0.302572 0.647461 0.088216 0.135742
6 0.152018 0.696289 0.089193 0.140625
6 0.382812 0.561035 0.092448 0.131836
6 0.747559 0.143066 0.094727 0.146484
6 0.911621 0.274902 0.090820 0.127930
6 0.839681 0.236328 0.089518 0.142578
6 0.144531 0.549561 0.088542 0.148926
6 0.170573 0.843262 0.097005 0.125977
6 0.378743 0.669434 0.069336 0.109375
6 0.213216 0.757324 0.069661 0.119141
6 0.277344 0.764404 0.079427 0.107910
