9 0.974935 0.809082 0.048828 0.115234
6 0.504395 0.633789 0.075846 0.111328
6 0.965495 0.689697 0.069010 0.120605
6 0.735352 0.234131 0.095703 0.121582
6 0.295736 0.505615 0.097982 0.157715
6 0.894857 0.262695 0.094401 0.123047
6 0.399740 0.598633 0.097656 0.167969
6 0.470378 0.517822 0.089844 0.137207
6 0.694824 0.141357 0.090820 0.120605
6 0.528320 0.453857 0.089844 0.116699
6 0.622559 0.803955 0.071940 0.105957
6 0.415039 0.778320 0.098958 0.120117
6 0.276855 0.727539 0.087565 0.153320
6 0.969727 0.345459 0.060547 0.141113
5 0.143229 0.489502 0.086589 0.137207
6 0.083496 0.176758 0.092773 0.159180
9 0.796061 0.143799 0.103190 0.150879
6 0.625000 0.196777 0.091146 0.130859
6 0.449219 0.921143 0.098307 0.128418
6 0.616211 0.919434 0.095703 0.115234
6 0.499186 0.298340 0.099284 0.144531
6 0.593913 0.626465 0.090820 0.109375
6 0.706868 0.796631 0.091471 0.114746
6 0.920736 0.392334 0.060221 0.133301
6 0.441895 0.072754 0.098633 0.142578
6 0.453125 0.710938 0.094401 0.110352
6 0.843262 0.609131 0.071940 0.110840
6 0.749186 0.507324 0.092122 0.110352
6 0.670247 0.596436 0.067057 0.124512
6 0.199870 0.751709 0.088542 0.126465
8 0.766113 0.614014 0.086914 0.133301
6 0.593913 0.519043 0.093424 0.116211
6 0.853678 0.944092 0.083659 0.097168
6 0.646322 0.705322 0.093424 0.115723
6 0.875488 0.864014 0.077799 0.091309
6 0.055013 0.332520 0.083984 0.137695
6 0.729492 0.680176 0.076172 0.114258
6 0.756185 0.917969 0.098307 0.141602
6 0.548177 0.793945 0.083984 0.146484
6 0.866536 0.422852 0.085938 0.128906
6 0.893880 0.679443 0.081380 0.132324
8 0.518880 0.035400 0.071615 0.070801
6 0.881836 0.037598 0.095052 0.075195
6 0.904297 0.820068 0.090495 0.142090
6 0.733887 0.037842 0.081706 0.075684
6 0.974772 0.913818 0.043294 0.069824
