6 0.787923 0.442139 0.086914 0.100098
5 0.250977 0.496338 0.095703 0.126465
5 0.322917 0.155273 0.083984 0.128906
6 0.290690 0.639893 0.087240 0.157715
5 0.399089 0.535156 0.081380 0.140625
6 0.666667 0.118408 0.096354 0.129395
6 0.402344 0.811035 0.080078 0.134766
5 0.715658 0.685547 0.090169 0.129883
6 0.775553 0.561279 0.090820 0.134277
5 0.384115 0.388428 0.092448 0.133301
5 0.747559 0.326416 0.071940 0.123535
6 0.670085 0.257568 0.101888 0.141113
9 0.521810 0.773926 0.071615 0.139648
6 0.905599 0.118408 0.093750 0.148926
5 0.471029 0.277344 0.078125 0.131836
6 0.543783 0.299561 0.074544 0.119629
5 0.380697 0.704834 0.088216 0.093262
9 0.323730 0.782471 0.090820 0.154785
6 0.698079 0.499756 0.078451 0.134277
6 0.158040 0.518311 0.078451 0.143066
5 0.823242 0.317871 0.082031 0.132812
6 0.304525 0.424072 0.086263 0.128418
9 0.204915 0.603027 0.097331 0.132812
6 0.037435 0.598877 0.074870 0.104004
6 0.641602 0.602295 0.100911 0.126465
6 0.599447 0.815186 0.097331 0.107910
6 0.032878 0.488525 0.065755 0.129395
6 0.751790 0.056396 0.094076 0.112793
9 0.580729 0.391602 0.101562 0.108398
5 0.479818 0.577637 0.081380 0.131836
9 0.337077 0.292480 0.098633 0.128906
6 0.447591 0.679688 0.080729 0.122070
9 0.485189 0.140869 0.077148 0.137207
6 0.368815 0.596680 0.082682 0.125977
9 0.622721 0.324463 0.081380 0.122559
8 0.627930 0.492188 0.069661 0.114258
5 0.405273 0.247559 0.076823 0.127930
6 0.480957 0.391602 0.090169 0.113281
5 0.088216 0.658447 0.101562 0.138184
5 0.451172 0.466553 0.091146 0.104980
8 0.721842 0.179443 0.071289 0.095215
9 0.561686 0.217041 0.106445 0.100098
9 0.593099 0.709961 0.075521 0.100586
5 0.840495 0.052490 0.083984 0.104980
6 0.399902 0.135498 0.083008 0.116699
9 0.282552 0.243652 0.078125 0.115234
5 0.559245 0.573486 0.078125 0.116699
5 0.705078 0.402344 0.085938 0.118164
5 0.470866 0.812744 0.068034 0.148926
5 0.557780 0.474854 0.084961 0.100098
6 0.093099 0.512939 0.065755 0.145020
8 0.252930 0.896729 0.095052 0.117676
5 0.662272 0.744873 0.067383 0.138184
5 0.553385 0.113525 0.101562 0.115723
