6 0.458496 0.257324 0.093424 0.129883
6 0.663574 0.212402 0.086914 0.140625
6 0.962728 0.401611 0.073893 0.150879
6 0.564290 0.820801 0.099935 0.133789
9 0.682943 0.352783 0.100260 0.145996
6 0.604980 0.285645 0.083008 0.139648
6 0.879557 0.353516 0.108073 0.140625
6 0.422038 0.161865 0.078451 0.139160
6 0.343099 0.169922 0.085938 0.156250
6 0.118978 0.149658 0.097982 0.134277
6 0.377279 0.487061 0.100911 0.136230
6 0.451823 0.783203 0.090495 0.138672
6 0.867025 0.240479 0.088867 0.109863
6 0.777181 0.799316 0.083008 0.129883
6 0.043945 0.753174 0.085938 0.135254
6 0.898438 0.809326 0.085286 0.132324
6 0.664388 0.958496 0.101562 0.083008
6 0.499186 0.882324 0.086263 0.125000
6 0.715495 0.801270 0.065104 0.125000
