6 0.077148 0.542725 0.095052 0.144043
9 0.114421 0.371094 0.090820 0.146484
9 0.675130 0.639648 0.110677 0.156250
5 0.735026 0.750977 0.094401 0.139648
5 0.381999 0.710938 0.085612 0.157227
5 0.412435 0.370850 0.088542 0.147949
6 0.714193 0.354980 0.086589 0.144531
5 0.905924 0.773438 0.095052 0.132812
9 0.805176 0.499268 0.118164 0.171387
9 0.557943 0.655273 0.094401 0.132812
9 0.585449 0.232910 0.095378 0.147461
9 0.329753 0.144043 0.116536 0.160156
6 0.558594 0.810791 0.086589 0.138184
5 0.319499 0.369385 0.077148 0.127441
6 0.311523 0.679688 0.102214 0.166016
9 0.858887 0.351562 0.101237 0.150391
5 0.457194 0.563232 0.099284 0.149902
5 0.378581 0.502197 0.097005 0.140137
9 0.622070 0.344727 0.100911 0.123047
8 0.662760 0.512207 0.100911 0.149414
6 0.282715 0.545898 0.087565 0.123047
6 0.040690 0.660156 0.081380 0.116211
6 0.679362 0.102783 0.093750 0.132324
6 0.459961 0.719727 0.082682 0.136719
9 0.236003 0.086426 0.091146 0.130859
6 0.042318 0.785400 0.083984 0.131348
6 0.603190 0.442627 0.085286 0.102051
6 0.024414 0.280518 0.048828 0.125488
6 0.580729 0.549072 0.085286 0.131348
6 0.245605 0.394287 0.086914 0.113770
9 0.047038 0.936523 0.094076 0.118164
9 0.264811 0.292236 0.108398 0.126465
12 0.154622 0.127930 0.070312 0.108398
6 0.979818 0.520996 0.040365 0.156250
6 0.524251 0.380859 0.083008 0.165039
6 0.483398 0.806641 0.087891 0.147461
5 0.969889 0.816406 0.060221 0.147461
12 0.354167 0.830322 0.075521 0.103027
12 0.452311 0.875000 0.062174 0.083984
