9 0.752116 0.560059 0.093424 0.114258
6 0.139974 0.817383 0.108724 0.132812
6 0.507324 0.324463 0.076497 0.113770
6 0.904297 0.593018 0.075521 0.125488
6 0.969238 0.602051 0.060872 0.124023
6 0.189616 0.364502 0.086263 0.155762
9 0.119303 0.393799 0.086263 0.153809
6 0.341634 0.208984 0.106445 0.128906
6 0.064453 0.764404 0.095703 0.139160
5 0.474609 0.434326 0.081380 0.140137
6 0.665202 0.514648 0.089518 0.133789
6 0.656250 0.319336 0.083984 0.144531
5 0.565592 0.416748 0.099935 0.118652
5 0.799154 0.148193 0.094401 0.137207
6 0.321777 0.087891 0.076497 0.125977
6 0.769206 0.763916 0.089844 0.131348
9 0.564941 0.593506 0.102539 0.121582
6 0.238607 0.291260 0.100911 0.146973
6 0.582357 0.300537 0.074870 0.128418
9 0.753255 0.433594 0.093750 0.149414
6 0.969727 0.494629 0.059896 0.123047
6 0.382161 0.067139 0.070312 0.134277
9 0.571777 0.495361 0.088867 0.090332
5 0.820638 0.401123 0.083333 0.164551
6 0.926270 0.469971 0.079753 0.111816
6 0.891276 0.400391 0.083984 0.161133
12 0.454264 0.832520 0.041992 0.061523
