6 0.176432 0.549805 0.109375 0.132812
9 0.302734 0.296631 0.110677 0.161621
5 0.116374 0.175537 0.107096 0.154785
6 0.172038 0.316650 0.106445 0.142090
6 0.632975 0.100098 0.093424 0.140625
6 0.179199 0.435791 0.105143 0.120605
6 0.663249 0.648926 0.094076 0.150391
9 0.520345 0.392090 0.090169 0.161133
6 0.400065 0.571533 0.100911 0.167480
9 0.330404 0.067383 0.108724 0.134766
9 0.539388 0.547852 0.104818 0.147461
5 0.930501 0.872314 0.103841 0.129395
5 0.741374 0.607178 0.090169 0.148926
5 0.597331 0.419922 0.085286 0.176758
8 0.795573 0.484619 0.080729 0.120605
6 0.274251 0.752930 0.095378 0.159180
5 0.696615 0.465576 0.096354 0.127441
5 0.751953 0.362549 0.102214 0.143066
6 0.860189 0.559814 0.112305 0.153809
6 0.321615 0.500977 0.110677 0.144531
5 0.650065 0.360107 0.085938 0.174316
5 0.887044 0.785889 0.104818 0.127441
6 0.714193 0.272705 0.093750 0.130371
5 0.351562 0.385742 0.095052 0.123047
12 0.474121 0.053467 0.071940 0.104980
6 0.849284 0.705322 0.104167 0.129395
6 0.973796 0.792236 0.052409 0.158691
12 0.850911 0.868164 0.050781 0.068359
6 0.798014 0.087891 0.086914 0.155273
