6 0.557292 0.581543 0.091146 0.133789
8 0.512207 0.450684 0.114258 0.168945
9 0.231120 0.445068 0.089193 0.123535
5 0.909342 0.153564 0.075846 0.147949
9 0.651693 0.827393 0.123047 0.160645
6 0.827637 0.145752 0.095378 0.154785
6 0.391113 0.456299 0.094727 0.147949
6 0.303711 0.915039 0.069661 0.134766
6 0.343913 0.350098 0.076497 0.160156
6 0.808431 0.759033 0.089518 0.119629
6 0.460612 0.813721 0.088542 0.129395
9 0.101725 0.664795 0.082357 0.142090
5 0.649414 0.247070 0.121745 0.128906
6 0.646322 0.362549 0.099284 0.151855
6 0.794759 0.883789 0.095378 0.158203
5 0.598958 0.704834 0.095703 0.123535
9 0.548991 0.230469 0.072591 0.117188
5 0.912760 0.574951 0.106120 0.129395
6 0.480143 0.299805 0.089844 0.152344
6 0.231120 0.312744 0.065104 0.138184
6 0.173014 0.892578 0.090169 0.168945
6 0.944010 0.664307 0.111328 0.144043
6 0.052409 0.766846 0.103516 0.124512
9 0.665365 0.134766 0.115234 0.125977
6 0.441895 0.920166 0.089518 0.134277
6 0.234375 0.914307 0.073568 0.138184
5 0.157227 0.400879 0.092448 0.109375
6 0.367676 0.907227 0.072591 0.148438
9 0.565104 0.367676 0.078776 0.144531
9 0.031576 0.659668 0.063151 0.135742
12 0.409505 0.759766 0.039714 0.061523
10 0.766439 0.197266 0.083659 0.132812
9 0.167318 0.302734 0.082031 0.132812
6 0.283040 0.352051 0.053711 0.146484
12 0.425944 0.244873 0.054362 0.115723
12 0.085449 0.223877 0.063477 0.109863
10 0.238607 0.794678 0.094401 0.116699
