6 0.542969 0.750732 0.085286 0.155762
6 0.237142 0.158447 0.099284 0.143066
6 0.622884 0.720459 0.094076 0.140137
6 0.290202 0.320557 0.083008 0.108887
6 0.669271 0.624268 0.102865 0.151855
6 0.615072 0.136719 0.092773 0.126953
6 0.469564 0.499512 0.116211 0.143555
6 0.306478 0.065430 0.086263 0.121094
6 0.514648 0.088135 0.104167 0.125488
6 0.577962 0.447998 0.096029 0.143066
6 0.482259 0.613037 0.084961 0.111816
9 0.409831 0.057617 0.102865 0.115234
5 0.735352 0.729004 0.102214 0.115234
6 0.665853 0.830078 0.103841 0.138672
6 0.590169 0.571289 0.118490 0.138672
6 0.832031 0.800781 0.104167 0.134766
6 0.525716 0.200439 0.113281 0.107910
9 0.553385 0.289307 0.107422 0.130371
6 0.352702 0.400879 0.129883 0.141602
6 0.707520 0.048096 0.065430 0.096191
6 0.671549 0.286621 0.124349 0.158203
6 0.825684 0.932617 0.111003 0.124023
