6 0.871908 0.406006 0.094727 0.150879
6 0.155273 0.792236 0.101562 0.143066
6 0.078288 0.699951 0.094727 0.152832
5 0.167155 0.421387 0.104492 0.125977
6 0.279297 0.335693 0.102214 0.117676
6 0.395182 0.468994 0.099609 0.166504
5 0.084798 0.870361 0.087565 0.147949
6 0.544271 0.174561 0.113281 0.138184
6 0.170247 0.647949 0.097005 0.136719
6 0.800456 0.625488 0.099609 0.165039
6 0.290039 0.760986 0.111328 0.159668
5 0.249512 0.450439 0.090169 0.148926
5 0.770508 0.456787 0.087891 0.152832
5 0.156087 0.319092 0.097982 0.123535
6 0.574870 0.572754 0.092448 0.149414
6 0.253255 0.051025 0.094401 0.102051
9 0.281901 0.235840 0.123698 0.127930
12 0.936035 0.899658 0.049154 0.069824
6 0.850260 0.770020 0.104818 0.136719
8 0.121257 0.570557 0.081706 0.124512
