5 0.916504 0.391846 0.082357 0.142090
6 0.543132 0.834473 0.092122 0.152344
6 0.044596 0.649170 0.089193 0.154785
9 0.700521 0.385010 0.108073 0.152832
9 0.634440 0.111816 0.131510 0.182617
5 0.452962 0.383545 0.094076 0.135254
6 0.129557 0.602783 0.112630 0.156738
9 0.277995 0.413086 0.110026 0.155273
6 0.535156 0.655762 0.090495 0.153320
6 0.254232 0.634766 0.104167 0.128906
6 0.185384 0.484863 0.081055 0.142578
6 0.957520 0.646484 0.084961 0.143555
6 0.137370 0.425293 0.073568 0.139648
6 0.855794 0.681885 0.100911 0.147949
6 0.548828 0.260742 0.103516 0.137695
6 0.539714 0.435059 0.089844 0.144531
6 0.838542 0.521729 0.123698 0.142090
9 0.842936 0.818115 0.118164 0.139160
5 0.825846 0.226074 0.102214 0.115234
5 0.599121 0.345703 0.090820 0.123047
8 0.609538 0.437744 0.058919 0.080566
5 0.743652 0.479736 0.087565 0.131348
9 0.048177 0.342773 0.094401 0.148438
6 0.401367 0.480225 0.091797 0.140137
12 0.180339 0.345459 0.095052 0.119629
6 0.923177 0.163086 0.082682 0.166992
9 0.826660 0.087402 0.151367 0.174805
6 0.060059 0.444580 0.088867 0.123535
8 0.260417 0.529053 0.099609 0.115723
9 0.826497 0.405762 0.098958 0.104492
6 0.478841 0.939941 0.103516 0.111328
9 0.394368 0.835938 0.087565 0.158203
12 0.376302 0.601318 0.065104 0.102051
5 0.089355 0.934570 0.112956 0.123047
10 0.468913 0.835449 0.063477 0.119141
6 0.274251 0.942383 0.088867 0.110352
12 0.417318 0.934570 0.057943 0.083008
6 0.828939 0.320068 0.099935 0.086426
