8 0.581380 0.469238 0.080078 0.123047
5 0.447917 0.368164 0.093099 0.126953
6 0.080241 0.420410 0.096029 0.131836
6 0.288249 0.244385 0.079753 0.126465
9 0.695638 0.384521 0.106120 0.175293
6 0.600260 0.359619 0.076823 0.102051
6 0.544596 0.813721 0.087891 0.113770
6 0.228027 0.283936 0.077148 0.139160
6 0.309082 0.658936 0.087565 0.126465
6 0.743164 0.770020 0.089844 0.135742
6 0.216471 0.627197 0.086589 0.134277
5 0.754395 0.620605 0.081055 0.117188
6 0.928874 0.332520 0.096029 0.143555
6 0.136882 0.569824 0.097982 0.107422
6 0.116699 0.486816 0.084961 0.107422
5 0.352376 0.323975 0.098633 0.135254
5 0.643229 0.449219 0.062500 0.125000
6 0.519043 0.736816 0.095378 0.096680
6 0.515951 0.640625 0.094401 0.113281
8 0.372884 0.349609 0.055664 0.084961
