5 0.449707 0.489990 0.080404 0.119629
6 0.583496 0.671387 0.086914 0.131836
6 0.423014 0.822510 0.094076 0.158691
9 0.363444 0.501953 0.095378 0.155273
6 0.625488 0.468994 0.075846 0.145020
6 0.937988 0.655518 0.087565 0.128418
9 0.050456 0.675537 0.100911 0.129395
6 0.910482 0.532227 0.080729 0.111328
5 0.051432 0.568115 0.091797 0.110840
6 0.516764 0.562500 0.082357 0.110352
6 0.703939 0.325195 0.088216 0.116211
6 0.972819 0.532715 0.054362 0.123047
6 0.555339 0.486572 0.076172 0.120605
6 0.415039 0.386719 0.101562 0.125977
6 0.944824 0.431885 0.088867 0.114746
6 0.429525 0.599609 0.097331 0.116211
8 0.243652 0.504883 0.078451 0.102539
9 0.707845 0.441406 0.091471 0.122070
6 0.904134 0.782227 0.092773 0.138672
