5 0.422201 0.149414 0.094401 0.158203
6 0.228190 0.853760 0.097656 0.150879
6 0.280436 0.653076 0.102539 0.141113
12 0.747070 0.828125 0.071615 0.116211
5 0.517904 0.169678 0.097005 0.134277
5 0.155599 0.718018 0.091146 0.133301
9 0.463867 0.504150 0.114583 0.167480
9 0.881185 0.907471 0.119141 0.174316
6 0.208496 0.352539 0.110352 0.158203
6 0.327799 0.812012 0.099609 0.150391
6 0.665039 0.843262 0.097005 0.131836
6 0.493652 0.058838 0.103190 0.117676
5 0.661621 0.700684 0.099935 0.155273
12 0.319336 0.727539 0.078125 0.064453
