6 0.932292 0.720947 0.097656 0.121582
6 0.414062 0.376221 0.092448 0.144043
6 0.334635 0.296875 0.092448 0.127930
6 0.347005 0.191406 0.087891 0.123047
9 0.308919 0.434326 0.100911 0.153809
6 0.566569 0.514160 0.095378 0.125000
6 0.447428 0.937012 0.089518 0.125977
6 0.955404 0.551270 0.083333 0.106445
6 0.622396 0.116699 0.104818 0.154297
6 0.860840 0.775879 0.092773 0.122070
6 0.176432 0.871338 0.099609 0.145020
5 0.070964 0.307373 0.089193 0.140137
6 0.905273 0.282959 0.097005 0.124512
6 0.296549 0.935791 0.092448 0.128418
6 0.585449 0.403809 0.096680 0.120117
6 0.935384 0.471436 0.101888 0.093262
6 0.963542 0.361084 0.071615 0.124512
6 0.646322 0.360840 0.095378 0.155273
6 0.217448 0.944580 0.076823 0.110840
6 0.909831 0.844727 0.082031 0.113281
