5 0.905111 0.738037 0.086263 0.129395
6 0.355632 0.520752 0.083659 0.108887
5 0.863932 0.129150 0.084635 0.111816
5 0.357747 0.404541 0.080078 0.118652
5 0.779622 0.162354 0.078125 0.112793
6 0.212240 0.160156 0.091146 0.130859
6 0.569010 0.068604 0.079427 0.120605
6 0.270182 0.528809 0.089193 0.113281
5 0.659505 0.527344 0.071615 0.127930
6 0.090007 0.725830 0.092122 0.130371
6 0.387044 0.294922 0.097656 0.112305
5 0.588704 0.542236 0.076497 0.128418
6 0.253092 0.377930 0.096680 0.112305
5 0.525065 0.379395 0.084635 0.131836
6 0.433757 0.396973 0.079753 0.125000
6 0.892741 0.229492 0.071940 0.118164
5 0.953125 0.574951 0.091146 0.132324
6 0.595866 0.745605 0.096680 0.121094
6 0.598470 0.443359 0.089518 0.095703
6 0.819824 0.232910 0.079102 0.096680
6 0.860352 0.329346 0.093099 0.105957
6 0.775228 0.311768 0.075846 0.130371
6 0.021322 0.291748 0.042643 0.121582
6 0.211426 0.281738 0.103190 0.117188
6 0.288574 0.445801 0.084310 0.079102
9 0.063639 0.861572 0.091471 0.145996
