9 0.338379 0.712646 0.102539 0.129395
6 0.492513 0.326416 0.090495 0.141113
5 0.586100 0.268311 0.090820 0.124512
8 0.813477 0.219238 0.077474 0.112305
9 0.178060 0.737793 0.106771 0.155273
5 0.644043 0.153809 0.088867 0.130859
5 0.684733 0.252441 0.097982 0.117188
5 0.464518 0.475586 0.085286 0.157227
6 0.729980 0.165771 0.085612 0.145996
5 0.582845 0.386230 0.092773 0.129883
8 0.478027 0.648926 0.077148 0.127930
6 0.339355 0.826904 0.096680 0.126465
5 0.541667 0.487305 0.082682 0.138672
8 0.301107 0.647217 0.069661 0.101074
8 0.671387 0.347412 0.069987 0.079590
