5 0.752767 0.412598 0.086263 0.105469
5 0.459798 0.448242 0.080404 0.113281
9 0.307292 0.229736 0.119141 0.186035
5 0.041667 0.126709 0.083333 0.142090
5 0.692546 0.630371 0.073242 0.130859
6 0.113118 0.259277 0.077799 0.122070
5 0.296712 0.662842 0.096680 0.134277
9 0.863607 0.372314 0.100911 0.155762
5 0.766764 0.677979 0.099935 0.131348
9 0.127767 0.453857 0.105143 0.149902
5 0.615397 0.598633 0.085612 0.141602
6 0.346517 0.371826 0.095378 0.140137
6 0.386230 0.627686 0.090169 0.136230
6 0.959635 0.600586 0.079427 0.137695
6 0.202474 0.645508 0.088542 0.132812
6 0.761393 0.535156 0.082682 0.130859
6 0.028320 0.513428 0.056641 0.150879
5 0.176432 0.333496 0.087240 0.129883
9 0.239095 0.555664 0.081706 0.134766
9 0.433105 0.335938 0.085612 0.129883
5 0.502116 0.644043 0.103841 0.122070
6 0.452799 0.567383 0.074870 0.122070
6 0.326497 0.541260 0.084635 0.120605
6 0.529948 0.522217 0.093750 0.130371
6 0.526042 0.206299 0.096354 0.128418
6 0.210449 0.231689 0.084310 0.137207
6 0.940430 0.422607 0.100911 0.147949
9 0.385254 0.132568 0.093424 0.138184
6 0.923014 0.652344 0.071940 0.131836
9 0.077148 0.344482 0.093750 0.117676
5 0.445475 0.226074 0.081055 0.120117
5 0.838053 0.474365 0.087565 0.104980
8 0.576497 0.445557 0.085286 0.131348
8 0.288737 0.476807 0.083984 0.099121
6 0.660319 0.377441 0.085612 0.142578
6 0.706055 0.313477 0.084635 0.127930
6 0.782389 0.322998 0.073893 0.123535
9 0.824382 0.584961 0.081055 0.143555
6 0.508464 0.301758 0.088542 0.113281
5 0.051595 0.223633 0.081055 0.119141
5 0.527018 0.387695 0.080078 0.118164
5 0.381673 0.476318 0.078451 0.117676
6 0.147135 0.173828 0.084635 0.103516
5 0.598145 0.320312 0.076497 0.135742
6 0.868652 0.600830 0.067383 0.113770
9 0.963379 0.512695 0.072591 0.122070
