8 0.249674 0.589844 0.093099 0.125977
9 0.743327 0.417480 0.116211 0.175781
5 0.423503 0.338867 0.095052 0.139648
6 0.329102 0.549805 0.081380 0.140625
9 0.511882 0.337158 0.086263 0.148926
6 0.679688 0.484131 0.092448 0.128418
10 0.118490 0.842041 0.095703 0.144043
6 0.377604 0.258789 0.109375 0.119141
5 0.310710 0.413086 0.105143 0.141602
12 0.510579 0.462891 0.075195 0.107422
5 0.676270 0.355225 0.092773 0.123535
6 0.235840 0.488037 0.092122 0.111816
5 0.590820 0.302490 0.110677 0.109863
6 0.573893 0.417725 0.095052 0.116699
5 0.413737 0.492432 0.095052 0.161621
6 0.220540 0.344238 0.100586 0.115234
