6 0.957031 0.710449 0.082682 0.108398
6 0.969238 0.229736 0.060872 0.126465
6 0.421712 0.497803 0.094076 0.120605
6 0.557617 0.221436 0.095052 0.160645
6 0.477051 0.195312 0.080404 0.122070
6 0.139486 0.457520 0.097982 0.123047
6 0.182129 0.356445 0.097982 0.131836
6 0.581217 0.493652 0.100586 0.130859
6 0.119141 0.574219 0.093099 0.134766
6 0.035319 0.483887 0.068685 0.118164
6 0.185547 0.148438 0.096354 0.141602
6 0.876790 0.464844 0.085612 0.143555
6 0.833984 0.608643 0.091797 0.118652
5 0.423503 0.266846 0.082682 0.120605
6 0.799642 0.049561 0.080404 0.099121
6 0.392090 0.133545 0.086914 0.108887
6 0.297852 0.099365 0.089193 0.103027
6 0.787923 0.492188 0.091471 0.125977
6 0.316081 0.379639 0.086589 0.135254
6 0.844727 0.155518 0.097005 0.113770
6 0.628581 0.337402 0.101562 0.135742
6 0.615072 0.829834 0.086914 0.134277
6 0.694661 0.047852 0.095052 0.095703
8 0.882324 0.681396 0.080404 0.105957
6 0.673014 0.715088 0.086914 0.132324
6 0.409017 0.395752 0.094727 0.121582
6 0.032389 0.612305 0.064779 0.131836
6 0.759277 0.230225 0.092773 0.145020
6 0.229980 0.509521 0.095378 0.122559
10 0.494466 0.604736 0.095703 0.120605
6 0.817546 0.351562 0.092122 0.125000
6 0.414225 0.849609 0.078451 0.135742
6 0.706217 0.604736 0.094727 0.119629
6 0.939941 0.572021 0.088216 0.127441
6 0.515462 0.350098 0.091471 0.131836
6 0.345378 0.207520 0.089844 0.120117
6 0.934570 0.137207 0.089844 0.134766
6 0.484863 0.844971 0.075846 0.131348
6 0.694499 0.444824 0.100586 0.118164
6 0.021647 0.374756 0.043294 0.115723
6 0.848633 0.785645 0.079427 0.125977
6 0.920573 0.818848 0.080729 0.147461
6 0.847331 0.249023 0.098307 0.084961
6 0.046875 0.908447 0.084635 0.128418
