5 0.544596 0.618652 0.083333 0.100586
5 0.465332 0.672119 0.076497 0.128418
8 0.329590 0.815186 0.054362 0.095215
5 0.387207 0.650391 0.081055 0.128906
6 0.964844 0.531006 0.070312 0.130371
6 0.559082 0.520264 0.095378 0.107910
6 0.397949 0.762695 0.094076 0.113281
6 0.948242 0.660400 0.098307 0.137207
6 0.315430 0.594482 0.098307 0.132324
8 0.179525 0.825195 0.086914 0.122070
5 0.310384 0.711182 0.088867 0.114746
5 0.330404 0.065918 0.095703 0.130859
6 0.268717 0.830566 0.086263 0.140625
6 0.082031 0.181152 0.087240 0.125000
6 0.623535 0.581787 0.076497 0.133301
9 0.808105 0.643066 0.144206 0.163086
6 0.231445 0.277100 0.097656 0.125488
6 0.272624 0.130615 0.084310 0.134277
6 0.539225 0.728760 0.093424 0.114746
5 0.151204 0.246582 0.069987 0.117188
6 0.201823 0.175781 0.083333 0.099609
12 0.482747 0.595215 0.037109 0.048828
6 0.045898 0.283936 0.088542 0.128418
6 0.082682 0.357666 0.079427 0.128418
