6 0.380859 0.800049 0.101562 0.142090
8 0.575684 0.233154 0.100586 0.145996
5 0.369141 0.509766 0.104167 0.163086
9 0.650716 0.385986 0.100911 0.160645
5 0.512695 0.440674 0.120443 0.161621
6 0.709473 0.497559 0.099935 0.133789
6 0.751953 0.804688 0.092448 0.144531
6 0.805501 0.182129 0.103841 0.150391
6 0.062826 0.306885 0.104167 0.161621
6 0.772298 0.389893 0.092773 0.118652
6 0.871419 0.130127 0.091797 0.166504
12 0.511556 0.588867 0.036784 0.054688
6 0.442546 0.558105 0.121419 0.159180
12 0.545573 0.106445 0.047526 0.072266
6 0.465169 0.656738 0.110026 0.108398
