6 0.509766 0.523926 0.079427 0.148438
5 0.708822 0.694092 0.094076 0.133301
5 0.622721 0.280029 0.089193 0.102051
6 0.073242 0.514648 0.077474 0.132812
5 0.540853 0.147461 0.095378 0.134766
9 0.434245 0.680908 0.080729 0.140137
9 0.345052 0.420166 0.097656 0.139160
5 0.222982 0.625244 0.068359 0.139160
6 0.645671 0.848389 0.086914 0.123535
9 0.694336 0.559570 0.094401 0.127930
5 0.515788 0.784668 0.089518 0.139648
5 0.585124 0.376221 0.071289 0.115723
6 0.845215 0.866211 0.079753 0.125000
6 0.772135 0.075439 0.097656 0.147949
9 0.656413 0.477295 0.092773 0.115723
5 0.437337 0.269531 0.094076 0.136719
5 0.120931 0.425781 0.105143 0.123047
6 0.438802 0.548096 0.083984 0.119629
5 0.719238 0.274658 0.085612 0.116699
6 0.505697 0.674805 0.079102 0.116211
5 0.316732 0.091064 0.102865 0.128418
6 0.145020 0.537598 0.086263 0.117188
9 0.773275 0.884766 0.073893 0.140625
6 0.727376 0.815430 0.104492 0.156250
6 0.537598 0.261719 0.092773 0.115234
6 0.539062 0.426514 0.083333 0.121582
6 0.661133 0.372314 0.086589 0.111816
6 0.391439 0.362549 0.092122 0.122559
5 0.298503 0.267822 0.100911 0.110840
5 0.622396 0.121826 0.080078 0.095215
6 0.494466 0.338135 0.093750 0.121582
6 0.594401 0.620361 0.110677 0.145020
6 0.676758 0.939941 0.113281 0.106445
6 0.356771 0.717529 0.095052 0.128418
6 0.339193 0.620361 0.104167 0.121582
5 0.584473 0.505615 0.070638 0.121582
6 0.444824 0.440430 0.084961 0.120117
5 0.253255 0.432617 0.101562 0.138672
6 0.648763 0.675781 0.084635 0.128906
5 0.704264 0.126221 0.086914 0.129395
6 0.320964 0.186523 0.105469 0.097656
6 0.382812 0.239258 0.071615 0.120117
8 0.587728 0.804932 0.086263 0.135254
9 0.664714 0.208008 0.104818 0.112305
5 0.268880 0.332275 0.100911 0.096191
5 0.877767 0.938232 0.066732 0.114746
8 0.186523 0.677979 0.072266 0.115723
