5 0.571126 0.542480 0.083008 0.142578
6 0.804525 0.427490 0.088216 0.145996
5 0.310221 0.824219 0.091797 0.144531
8 0.626628 0.308350 0.100911 0.160645
5 0.369954 0.559570 0.113607 0.156250
6 0.504557 0.509277 0.096354 0.150391
5 0.295247 0.654297 0.104818 0.139648
6 0.399089 0.822754 0.088542 0.139648
5 0.863607 0.379883 0.082031 0.144531
5 0.772461 0.206055 0.081380 0.131836
6 0.869141 0.215576 0.092448 0.121582
6 0.582194 0.122559 0.093424 0.145508
6 0.440104 0.723633 0.107422 0.139648
9 0.503906 0.068848 0.102214 0.137695
6 0.844727 0.052002 0.092448 0.104004
6 0.971517 0.050049 0.056966 0.100098
9 0.756022 0.046143 0.087565 0.092285
6 0.329264 0.942383 0.091471 0.109375
6 0.862793 0.131348 0.086914 0.077148
6 0.553060 0.389404 0.093750 0.114746
