6 0.769368 0.448730 0.083008 0.131836
6 0.211426 0.261719 0.086914 0.130859
6 0.928223 0.452881 0.096680 0.147949
5 0.611816 0.552979 0.083659 0.130371
6 0.052572 0.377930 0.094076 0.144531
9 0.223796 0.543945 0.130534 0.156250
12 0.553385 0.618652 0.071615 0.117188
6 0.379883 0.540527 0.092448 0.132812
6 0.807454 0.292236 0.084961 0.134277
6 0.734863 0.322266 0.088867 0.127930
6 0.434733 0.607910 0.089518 0.125977
6 0.208659 0.727539 0.093750 0.140625
9 0.546875 0.493652 0.110026 0.157227
6 0.279948 0.424316 0.095052 0.130859
