6 0.194173 0.224365 0.088867 0.140137
6 0.325358 0.386230 0.084961 0.113281
6 0.650879 0.585938 0.090820 0.131836
6 0.822103 0.712646 0.086914 0.159668
5 0.835775 0.318359 0.085612 0.142578
6 0.561686 0.665039 0.097331 0.152344
9 0.228841 0.727539 0.090495 0.120117
5 0.626465 0.355713 0.081055 0.131348
9 0.472168 0.344971 0.108398 0.129395
6 0.382324 0.066162 0.088216 0.124512
6 0.102214 0.494385 0.093099 0.121582
6 0.899577 0.220215 0.088867 0.147461
8 0.147461 0.576660 0.106120 0.122070
9 0.743652 0.697754 0.081706 0.174805
5 0.759766 0.350830 0.083984 0.143066
12 0.715332 0.204834 0.056315 0.104980
6 0.789551 0.210205 0.092773 0.123535
6 0.476400 0.230957 0.106445 0.122070
6 0.638346 0.234619 0.099609 0.127441
5 0.311361 0.284424 0.094727 0.128418
9 0.359049 0.815186 0.095703 0.151855
6 0.297689 0.130127 0.099935 0.137207
6 0.080241 0.932373 0.113607 0.128418
9 0.668132 0.476562 0.091471 0.120117
9 0.052409 0.086914 0.104167 0.135742
8 0.945475 0.381592 0.057617 0.091309
5 0.302083 0.657715 0.085938 0.126953
5 0.447591 0.509766 0.098958 0.123047
6 0.496745 0.457520 0.108073 0.122070
5 0.693034 0.376953 0.075521 0.135742
6 0.304850 0.900391 0.079102 0.121094
6 0.556641 0.349609 0.067057 0.127930
6 0.254069 0.830078 0.104492 0.128906
6 0.186686 0.655762 0.114258 0.136719
9 0.970215 0.180176 0.059570 0.152344
12 0.487630 0.890625 0.043620 0.071289
5 0.778971 0.072266 0.093099 0.142578
6 0.016764 0.921631 0.033529 0.155762
9 0.973307 0.054199 0.052734 0.106445
12 0.329590 0.472412 0.045898 0.059082
12 0.509603 0.542725 0.034180 0.047363
12 0.831868 0.624023 0.062826 0.088867
12 0.116699 0.702637 0.043294 0.075195
12 0.802734 0.418213 0.031901 0.058105
