5 0.168620 0.428467 0.086589 0.149902
5 0.851400 0.500977 0.082357 0.137695
6 0.705241 0.651611 0.088867 0.150879
12 0.885579 0.753418 0.083659 0.126953
5 0.314779 0.575684 0.097656 0.148438
6 0.550456 0.685059 0.115885 0.149414
6 0.751139 0.749023 0.106445 0.137695
6 0.772135 0.898193 0.089844 0.140137
9 0.618164 0.590088 0.097656 0.149902
9 0.067708 0.417725 0.109375 0.158691
5 0.783040 0.611572 0.096680 0.133301
6 0.774251 0.487793 0.081706 0.127930
6 0.106283 0.247314 0.092122 0.124512
6 0.148438 0.186768 0.090495 0.144043
12 0.468424 0.710205 0.055339 0.074707
9 0.501302 0.532471 0.109375 0.162598
9 0.100260 0.324219 0.112630 0.099609
