5 0.239909 0.549072 0.083333 0.106934
5 0.572754 0.366211 0.085612 0.117188
6 0.069987 0.693848 0.085286 0.157227
6 0.673014 0.400635 0.084961 0.121582
5 0.320801 0.725586 0.086263 0.128906
6 0.416178 0.307129 0.071940 0.133789
5 0.905762 0.490967 0.073893 0.118652
6 0.525879 0.269287 0.089518 0.127441
6 0.637370 0.320312 0.083333 0.112305
5 0.640299 0.587891 0.093750 0.141602
6 0.293132 0.890381 0.090169 0.134277
6 0.595540 0.232910 0.077148 0.112305
6 0.122559 0.133057 0.084961 0.133301
6 0.606608 0.479248 0.088216 0.116699
6 0.682617 0.246826 0.087240 0.119629
6 0.338379 0.280029 0.082357 0.104980
6 0.237793 0.659668 0.090169 0.119141
9 0.855632 0.555664 0.086914 0.129883
6 0.225423 0.301514 0.086914 0.125488
6 0.356771 0.378906 0.072266 0.097656
6 0.960612 0.235840 0.078125 0.152344
6 0.817057 0.633789 0.086589 0.118164
6 0.807617 0.451904 0.083984 0.131348
5 0.288086 0.348877 0.070964 0.123535
6 0.969889 0.050537 0.060221 0.101074
6 0.307292 0.487793 0.094401 0.131836
8 0.423991 0.673340 0.094076 0.117188
