8 0.668783 0.594727 0.096029 0.118164
5 0.397461 0.531982 0.080729 0.135254
5 0.317383 0.455566 0.078125 0.129883
5 0.233073 0.735107 0.093750 0.145996
5 0.913086 0.255371 0.089193 0.121094
9 0.597331 0.393066 0.097005 0.142578
5 0.213542 0.279541 0.087240 0.153809
6 0.099609 0.598877 0.082031 0.127441
6 0.467285 0.459717 0.096680 0.117676
6 0.436198 0.320068 0.094401 0.132324
5 0.629557 0.468018 0.076172 0.139160
6 0.365885 0.791992 0.078125 0.145508
8 0.705241 0.471436 0.084310 0.146973
6 0.531901 0.154785 0.081380 0.142578
6 0.752279 0.194092 0.078776 0.102051
5 0.472168 0.564697 0.097331 0.114746
6 0.764323 0.407715 0.083333 0.126953
6 0.358887 0.270020 0.107747 0.148438
5 0.141439 0.307373 0.072591 0.138184
6 0.721029 0.101807 0.078776 0.122559
5 0.644043 0.710938 0.099935 0.131836
6 0.298177 0.771973 0.080078 0.143555
6 0.542969 0.727783 0.085938 0.117676
6 0.674479 0.198730 0.075521 0.110352
6 0.048503 0.492676 0.089193 0.132812
5 0.491048 0.650391 0.109049 0.131836
6 0.459798 0.205078 0.082357 0.126953
5 0.263997 0.349121 0.104167 0.148438
6 0.879395 0.137451 0.083659 0.113770
5 0.591309 0.535400 0.062826 0.121582
5 0.752767 0.726074 0.104492 0.136719
6 0.604655 0.169922 0.071289 0.124023
9 0.029297 0.590576 0.058594 0.132324
6 0.651204 0.073730 0.075846 0.117188
5 0.577799 0.648682 0.061198 0.106934
5 0.329753 0.579102 0.087240 0.125000
5 0.951172 0.159668 0.082682 0.140625
9 0.507975 0.394043 0.088867 0.116211
6 0.819336 0.334961 0.093750 0.121094
9 0.725749 0.301025 0.089518 0.150879
5 0.086426 0.381348 0.077799 0.103516
9 0.965332 0.928467 0.068685 0.140137
8 0.275228 0.640869 0.090169 0.108887
6 0.875488 0.523438 0.107747 0.175781
5 0.039714 0.308105 0.079427 0.149414
9 0.629557 0.313477 0.096354 0.148438
6 0.226400 0.446289 0.103190 0.135742
8 0.376139 0.689453 0.077799 0.089844
5 0.533854 0.520508 0.075521 0.122070
5 0.388184 0.417969 0.064779 0.100586
9 0.825033 0.254150 0.087565 0.127441
6 0.576823 0.054932 0.077474 0.105957
9 0.875000 0.914551 0.126302 0.149414
8 0.134115 0.466064 0.084635 0.137207
9 0.638835 0.863037 0.112305 0.122559
6 0.683594 0.331787 0.031250 0.110840
