6 0.387858 0.651367 0.103841 0.179688
9 0.514648 0.425781 0.102214 0.143555
6 0.284993 0.513916 0.100586 0.158691
9 0.815755 0.100586 0.106771 0.162109
9 0.561849 0.333740 0.097656 0.157715
6 0.312826 0.621094 0.087240 0.141602
9 0.415039 0.453125 0.098307 0.150391
5 0.558757 0.654053 0.102539 0.153809
9 0.102539 0.439209 0.099609 0.154785
6 0.158691 0.071533 0.109701 0.143066
8 0.595703 0.533447 0.087240 0.108887
6 0.608724 0.231445 0.098307 0.143555
6 0.666341 0.162109 0.095052 0.168945
6 0.166178 0.374023 0.096680 0.157227
6 0.229004 0.336670 0.096680 0.155762
