5 0.875651 0.484131 0.074219 0.139160
5 0.945964 0.454834 0.082682 0.128418
6 0.760579 0.197021 0.088867 0.118652
5 0.043294 0.336182 0.086589 0.141113
6 0.270671 0.424316 0.081706 0.121094
6 0.568522 0.274902 0.088867 0.112305
6 0.210286 0.310547 0.088542 0.131836
6 0.661296 0.217773 0.094727 0.096680
5 0.852865 0.789795 0.079427 0.124512
5 0.439453 0.249512 0.093750 0.136719
6 0.588542 0.889893 0.097005 0.148926
6 0.287923 0.869141 0.112305 0.160156
5 0.701660 0.437012 0.091471 0.125000
6 0.937663 0.109131 0.094727 0.130371
6 0.570475 0.651611 0.068034 0.127441
6 0.761719 0.310059 0.098307 0.111328
6 0.602214 0.356934 0.086589 0.113281
6 0.661784 0.308594 0.082682 0.108398
6 0.126465 0.422119 0.099284 0.134277
