6 0.229004 0.257568 0.103841 0.145020
6 0.228353 0.397705 0.103190 0.144043
6 0.367025 0.385498 0.081055 0.128418
6 0.801107 0.219727 0.111979 0.142578
6 0.518066 0.594238 0.089518 0.125977
6 0.735026 0.618164 0.100260 0.135742
8 0.402018 0.198486 0.122396 0.167480
5 0.273438 0.743164 0.099609 0.155273
6 0.537435 0.269287 0.085938 0.126465
6 0.885254 0.739746 0.095378 0.138672
6 0.733398 0.371338 0.080729 0.127441
9 0.517741 0.720459 0.114258 0.144043
5 0.885742 0.580078 0.105469 0.135742
6 0.822754 0.421143 0.091471 0.135254
5 0.667643 0.843506 0.105469 0.151855
9 0.785970 0.739990 0.088867 0.148926
5 0.826660 0.654785 0.069336 0.131836
9 0.624512 0.463867 0.096680 0.140625
6 0.602376 0.060303 0.073242 0.120605
5 0.766764 0.874268 0.099935 0.136230
6 0.497233 0.118408 0.096680 0.123535
9 0.675944 0.283691 0.124674 0.188477
6 0.619466 0.613037 0.102214 0.140137
6 0.599609 0.379150 0.079427 0.132324
5 0.296712 0.320312 0.071289 0.145508
6 0.348958 0.276611 0.063802 0.124512
6 0.699382 0.538574 0.095378 0.106445
12 0.292155 0.500732 0.070638 0.099121
9 0.409017 0.606934 0.114909 0.196289
6 0.450358 0.447998 0.103190 0.125488
6 0.534993 0.431885 0.073893 0.137207
6 0.714681 0.456787 0.083008 0.092285
5 0.448893 0.295898 0.093750 0.109375
6 0.527995 0.053711 0.090495 0.107422
6 0.458008 0.374023 0.108724 0.096680
12 0.137207 0.425781 0.046549 0.069336
12 0.907715 0.966797 0.040039 0.053711
