5 0.289388 0.647217 0.098958 0.158691
5 0.762695 0.651611 0.103516 0.141113
9 0.215983 0.618896 0.101237 0.160645
6 0.070150 0.633057 0.107096 0.145020
8 0.550456 0.669922 0.098307 0.119141
9 0.380046 0.415283 0.129232 0.163574
5 0.692708 0.583008 0.084635 0.166016
5 0.212728 0.478516 0.108398 0.142578
6 0.543945 0.535889 0.106120 0.153809
6 0.694499 0.760254 0.092773 0.135742
6 0.373861 0.675049 0.085612 0.147949
5 0.919108 0.549072 0.108398 0.145020
6 0.625163 0.593994 0.077799 0.167480
8 0.450358 0.708984 0.063477 0.108398
6 0.667155 0.452881 0.101888 0.134277
