9 0.974121 0.810791 0.050456 0.122559
5 0.142741 0.487305 0.088216 0.138672
6 0.295085 0.504883 0.100586 0.159180
6 0.529785 0.454102 0.094076 0.117188
6 0.470215 0.517090 0.090820 0.137695
6 0.735026 0.231934 0.095703 0.124023
6 0.966309 0.344971 0.067383 0.137207
6 0.399740 0.595703 0.098307 0.161133
5 0.415039 0.776367 0.098958 0.121094
6 0.083984 0.176270 0.093750 0.160156
6 0.622396 0.803467 0.072266 0.108887
6 0.276042 0.726562 0.087240 0.152344
6 0.964355 0.687256 0.071289 0.122559
6 0.624674 0.196289 0.093099 0.131836
6 0.705729 0.795898 0.091146 0.115234
6 0.449382 0.918945 0.100586 0.130859
9 0.796875 0.141846 0.103516 0.151855
6 0.694661 0.138916 0.092448 0.119629
6 0.592285 0.623779 0.094076 0.111816
6 0.968587 0.558838 0.062174 0.125488
6 0.442057 0.073242 0.102214 0.138672
6 0.498698 0.299561 0.098958 0.140137
6 0.896159 0.262451 0.096354 0.123535
6 0.502930 0.633301 0.076172 0.107422
6 0.748698 0.505859 0.093750 0.113281
6 0.842448 0.609131 0.072917 0.112793
6 0.055501 0.333740 0.088216 0.136230
6 0.451823 0.710449 0.097005 0.110352
6 0.199544 0.749512 0.089844 0.128906
6 0.756836 0.916992 0.099609 0.141602
6 0.852539 0.943604 0.084635 0.094238
6 0.920573 0.393555 0.061849 0.129883
6 0.615885 0.916748 0.096354 0.115723
8 0.763835 0.615723 0.090820 0.136719
6 0.593424 0.518555 0.095052 0.115234
6 0.546875 0.793213 0.085286 0.143066
6 0.893392 0.677490 0.081706 0.135254
6 0.866048 0.422363 0.087565 0.128906
6 0.645996 0.704590 0.094727 0.114258
6 0.903971 0.801270 0.087240 0.108398
6 0.729818 0.679932 0.076172 0.113770
6 0.729329 0.043701 0.100586 0.087402
6 0.972982 0.904541 0.053385 0.083496
8 0.524577 0.029053 0.049154 0.060059
