6 0.878092 0.389648 0.097982 0.148438
6 0.547689 0.713867 0.084961 0.134766
6 0.206380 0.222656 0.092448 0.139648
5 0.432780 0.365479 0.110352 0.160645
10 0.246094 0.857666 0.111979 0.152832
5 0.677246 0.184326 0.088867 0.135254
9 0.342611 0.754150 0.089518 0.150879
9 0.707682 0.628174 0.095052 0.157715
6 0.907227 0.833496 0.102214 0.148438
6 0.678548 0.837646 0.101888 0.137207
6 0.939779 0.482666 0.093099 0.153809
6 0.191081 0.699707 0.100260 0.149414
5 0.811035 0.269531 0.098633 0.141602
6 0.675293 0.331055 0.106445 0.151367
5 0.547363 0.192139 0.088867 0.179199
6 0.829915 0.550049 0.088867 0.147949
6 0.466309 0.698242 0.090169 0.129883
6 0.390788 0.123047 0.106445 0.147461
6 0.276855 0.525635 0.090169 0.152832
6 0.261556 0.735840 0.079753 0.125977
12 0.402344 0.255615 0.071615 0.095215
6 0.312826 0.160645 0.097005 0.129883
6 0.459635 0.208252 0.089844 0.142090
6 0.944987 0.288086 0.104818 0.143555
6 0.760905 0.311035 0.073242 0.137695
6 0.025553 0.903564 0.051107 0.124512
12 0.512695 0.469727 0.041667 0.052734
12 0.222005 0.048096 0.059896 0.080566
12 0.294596 0.053711 0.042969 0.055664
12 0.890625 0.937744 0.064453 0.066895
