6 0.660807 0.414795 0.072266 0.105957
9 0.545410 0.592285 0.084310 0.155273
5 0.272949 0.579590 0.084310 0.112305
6 0.264323 0.402588 0.095703 0.118652
5 0.533203 0.845459 0.090495 0.127441
5 0.331868 0.312012 0.108398 0.158203
5 0.514160 0.318359 0.090169 0.105469
5 0.072754 0.264893 0.087565 0.136230
6 0.037109 0.160889 0.074219 0.116699
9 0.584473 0.411377 0.081706 0.136230
5 0.404460 0.485107 0.086263 0.131348
6 0.654622 0.823486 0.106120 0.121582
9 0.442220 0.892578 0.092122 0.120117
6 0.464193 0.597412 0.084635 0.123535
9 0.156087 0.199707 0.105794 0.144531
6 0.101074 0.443115 0.093424 0.124512
5 0.206543 0.680908 0.113607 0.131348
5 0.683268 0.524658 0.066406 0.146973
9 0.439453 0.241699 0.098958 0.156250
5 0.369954 0.723389 0.081055 0.113770
6 0.410482 0.376221 0.098307 0.107910
6 0.230306 0.486084 0.072591 0.101074
5 0.742839 0.566162 0.084635 0.117676
5 0.315104 0.485352 0.088542 0.123047
5 0.506836 0.420898 0.080729 0.114258
5 0.708008 0.919434 0.081380 0.144531
6 0.588542 0.727295 0.072266 0.122559
8 0.128906 0.334229 0.095052 0.120605
6 0.378418 0.599854 0.086263 0.128418
5 0.388021 0.819336 0.092448 0.120117
6 0.518066 0.718018 0.073893 0.114746
5 0.234701 0.280762 0.089844 0.125977
9 0.317383 0.660889 0.083333 0.141113
5 0.622070 0.323242 0.091797 0.118164
6 0.175293 0.590820 0.105794 0.108398
5 0.372884 0.160645 0.059570 0.138672
6 0.305990 0.165527 0.080729 0.132812
9 0.786947 0.915283 0.087565 0.141113
6 0.488118 0.498291 0.084310 0.103027
5 0.691732 0.720947 0.089844 0.133301
6 0.096680 0.122559 0.076823 0.109375
5 0.475260 0.789795 0.083333 0.116699
6 0.240397 0.141357 0.069336 0.130371
9 0.647624 0.660400 0.099284 0.117676
5 0.182454 0.087158 0.089518 0.111816
6 0.447266 0.692139 0.069661 0.107910
6 0.151855 0.503418 0.090820 0.123047
8 0.604329 0.920898 0.114909 0.134766
6 0.112630 0.030762 0.077474 0.061523
9 0.286296 0.048096 0.090820 0.096191
5 0.762370 0.785156 0.100260 0.126953
6 0.448405 0.071777 0.049805 0.136719
5 0.260254 0.758789 0.092773 0.115234
6 0.764811 0.466309 0.095378 0.133789
9 0.607910 0.523682 0.093424 0.117676
6 0.403809 0.060303 0.043945 0.116699
