6 0.306315 0.808350 0.073568 0.113770
6 0.587077 0.170166 0.097331 0.108887
6 0.900391 0.073975 0.085938 0.127441
6 0.365397 0.283447 0.106445 0.145996
6 0.745931 0.328125 0.092122 0.138672
6 0.536458 0.567383 0.094401 0.150391
6 0.493001 0.648438 0.077799 0.125000
6 0.385905 0.680176 0.097331 0.125000
6 0.235352 0.879639 0.094401 0.117676
6 0.694987 0.195801 0.070312 0.134766
6 0.622070 0.287842 0.095703 0.141113
6 0.660319 0.107178 0.090169 0.131348
8 0.436849 0.589111 0.087891 0.121582
6 0.683919 0.623535 0.103516 0.154297
8 0.762858 0.185547 0.073242 0.138672
6 0.541016 0.748047 0.089193 0.127930
6 0.471842 0.199463 0.091471 0.156738
6 0.216146 0.419922 0.091146 0.119141
6 0.842448 0.174316 0.083333 0.132812
6 0.246745 0.504883 0.095052 0.116211
6 0.256510 0.605225 0.098958 0.102051
6 0.577962 0.395996 0.077799 0.129883
6 0.245768 0.748291 0.096354 0.154785
6 0.580404 0.062988 0.091146 0.116211
6 0.489909 0.854980 0.078776 0.116211
9 0.411133 0.826660 0.082031 0.151367
8 0.334961 0.731201 0.076172 0.109863
6 0.537598 0.895752 0.102539 0.116699
