5 0.861328 0.566895 0.085938 0.135742
6 0.177897 0.682373 0.083008 0.107910
6 0.142415 0.600098 0.083659 0.111328
5 0.665202 0.640869 0.090820 0.122559
8 0.323730 0.208496 0.083659 0.134766
5 0.156901 0.778564 0.079427 0.117676
6 0.851888 0.141602 0.085286 0.110352
6 0.644206 0.742188 0.089844 0.121094
6 0.749837 0.759033 0.079753 0.113770
6 0.837565 0.051270 0.089193 0.102539
6 0.075033 0.572510 0.081055 0.113770
6 0.113607 0.723389 0.052083 0.119629
5 0.815267 0.632324 0.077799 0.162109
6 0.713216 0.714355 0.063151 0.114258
6 0.065104 0.698242 0.080078 0.143555
6 0.759115 0.639648 0.069010 0.149414
6 0.764648 0.100098 0.072917 0.131836
9 0.716634 0.896973 0.099935 0.151367
