6 0.448405 0.739990 0.075846 0.127441
6 0.449056 0.231445 0.094076 0.141602
5 0.293945 0.667236 0.082031 0.151855
5 0.325846 0.848633 0.081380 0.116211
5 0.689616 0.303711 0.083008 0.133789
9 0.694499 0.433838 0.096680 0.147949
5 0.369303 0.651123 0.079102 0.130371
5 0.368327 0.765381 0.087565 0.117676
6 0.022298 0.764404 0.044596 0.143066
10 0.278483 0.781006 0.074544 0.113770
6 0.769857 0.494385 0.106771 0.168457
12 0.271973 0.887695 0.037435 0.055664
6 0.167969 0.039795 0.091797 0.079590
6 0.117676 0.648682 0.081055 0.145020
12 0.163737 0.135742 0.086589 0.118164
6 0.029948 0.945557 0.059896 0.105957
