5 0.621582 0.717773 0.112305 0.151367
10 0.517253 0.918213 0.091146 0.140137
6 0.486328 0.131836 0.093099 0.139648
6 0.196452 0.723633 0.101888 0.159180
9 0.723633 0.646973 0.085938 0.153320
8 0.806152 0.909912 0.089518 0.134277
6 0.857096 0.665283 0.086589 0.143066
6 0.534505 0.638428 0.082682 0.133301
5 0.391602 0.100830 0.089193 0.125488
6 0.203125 0.404541 0.084635 0.113770
8 0.527507 0.766846 0.097331 0.129395
9 0.442057 0.651611 0.115885 0.195801
5 0.644857 0.585693 0.096354 0.145020
6 0.091634 0.495605 0.082357 0.133789
9 0.170898 0.307861 0.105469 0.139160
6 0.178223 0.578857 0.084961 0.108887
5 0.567383 0.085693 0.092448 0.140137
6 0.245605 0.540039 0.070638 0.125977
12 0.280111 0.724609 0.072591 0.105469
6 0.112793 0.409424 0.088216 0.102051
5 0.163900 0.491943 0.068685 0.110840
6 0.616536 0.918457 0.090495 0.132812
5 0.872559 0.859131 0.098633 0.130371
6 0.978353 0.105469 0.043294 0.146484
12 0.779785 0.822510 0.041341 0.054199
12 0.477376 0.050049 0.068034 0.059082
