6 0.289225 0.515381 0.088216 0.124512
5 0.451497 0.705322 0.076823 0.114746
5 0.530599 0.688232 0.082682 0.117676
9 0.415039 0.589844 0.089844 0.129883
6 0.788900 0.392334 0.096680 0.138184
5 0.535482 0.909668 0.082682 0.130859
6 0.924154 0.498535 0.077474 0.131836
6 0.459147 0.465820 0.085612 0.124023
9 0.309733 0.624512 0.095378 0.116211
9 0.702311 0.677002 0.103190 0.125488
6 0.552246 0.307617 0.071940 0.128906
5 0.097005 0.335205 0.081380 0.122559
9 0.040853 0.878906 0.081706 0.143555
6 0.646159 0.504883 0.085938 0.136719
9 0.163411 0.135010 0.102214 0.142090
9 0.552409 0.442627 0.091146 0.141113
6 0.104655 0.447266 0.070638 0.127930
6 0.209635 0.866211 0.108073 0.134766
6 0.706868 0.405518 0.073242 0.119629
9 0.777181 0.836914 0.084310 0.140625
6 0.031738 0.446533 0.063477 0.121582
6 0.176270 0.292236 0.102539 0.124512
6 0.337891 0.056152 0.086589 0.112305
6 0.494303 0.589111 0.075195 0.127441
6 0.687174 0.207031 0.104818 0.118164
6 0.122233 0.608887 0.093424 0.122070
5 0.866374 0.270264 0.081706 0.146973
6 0.226562 0.601074 0.082031 0.134766
6 0.848470 0.643555 0.076497 0.139648
6 0.297201 0.180420 0.092448 0.122559
6 0.309896 0.348633 0.093099 0.130859
5 0.856934 0.787354 0.083008 0.138184
5 0.680827 0.891602 0.086263 0.124023
6 0.311361 0.851562 0.088216 0.125000
5 0.062988 0.537109 0.085612 0.125977
5 0.930339 0.799316 0.074219 0.129883
6 0.091634 0.729736 0.105143 0.194824
9 0.471842 0.310547 0.091471 0.150391
5 0.927734 0.628174 0.086589 0.145996
9 0.180664 0.499268 0.093750 0.126465
5 0.265625 0.283447 0.079427 0.127441
6 0.456380 0.923096 0.097005 0.131348
5 0.792806 0.248291 0.078451 0.137207
6 0.437663 0.819336 0.084310 0.114258
5 0.412109 0.367676 0.089193 0.107422
6 0.589193 0.603271 0.089193 0.128418
5 0.733073 0.505371 0.091146 0.102539
6 0.362467 0.808350 0.074544 0.112793
9 0.634115 0.305176 0.104818 0.138672
6 0.846842 0.501709 0.086263 0.143066
6 0.842122 0.931396 0.084635 0.123535
6 0.616862 0.702148 0.077474 0.114258
5 0.385254 0.703613 0.066732 0.122070
6 0.730143 0.307129 0.087891 0.119141
6 0.713704 0.586670 0.087565 0.079590
6 0.386719 0.522705 0.084635 0.102051
5 0.319336 0.720947 0.071615 0.119629
9 0.702962 0.790771 0.082357 0.113770
6 0.544759 0.534424 0.075846 0.082520
5 0.782878 0.716064 0.083984 0.114746
5 0.967773 0.866455 0.063802 0.123535
5 0.788737 0.580566 0.063151 0.125000
9 0.345540 0.445557 0.097982 0.128418
6 0.063802 0.211914 0.103516 0.156250
5 0.420410 0.209961 0.108398 0.121094
9 0.425944 0.111084 0.099935 0.118652
6 0.934408 0.336914 0.088867 0.138672
6 0.092448 0.936035 0.074219 0.121094
6 0.615397 0.410645 0.078451 0.104492
