5 0.476237 0.604492 0.096354 0.146484
5 0.331543 0.470947 0.090820 0.141113
5 0.389974 0.657715 0.085286 0.141602
5 0.143717 0.518066 0.097331 0.153320
5 0.227702 0.464844 0.086914 0.150391
6 0.576986 0.462646 0.095378 0.159668
9 0.837077 0.767334 0.117513 0.158691
6 0.812663 0.498047 0.075195 0.124023
5 0.759766 0.562500 0.093099 0.146484
6 0.960612 0.552734 0.078776 0.163086
6 0.849772 0.632324 0.089518 0.121094
9 0.540527 0.775879 0.115560 0.166016
6 0.720866 0.062500 0.081055 0.125000
6 0.352376 0.313965 0.092122 0.137695
9 0.795736 0.060059 0.075195 0.120117
6 0.714193 0.635986 0.087240 0.105957
6 0.897786 0.519531 0.081380 0.124023
6 0.702148 0.730469 0.091146 0.111328
6 0.463216 0.048584 0.078776 0.097168
6 0.539876 0.053223 0.088216 0.106445
