5 0.753581 0.534424 0.097656 0.124512
5 0.391439 0.649902 0.090820 0.141602
6 0.341960 0.729004 0.092122 0.125977
9 0.256185 0.388672 0.101562 0.124023
5 0.780111 0.445801 0.096680 0.120117
9 0.166178 0.359375 0.086263 0.185547
5 0.602376 0.510010 0.084310 0.142090
6 0.043783 0.455078 0.087565 0.124023
5 0.536947 0.539551 0.094076 0.148438
9 0.847005 0.545166 0.096354 0.154785
6 0.918783 0.412842 0.087565 0.143066
6 0.234863 0.588379 0.099935 0.124023
9 0.324707 0.588135 0.086263 0.127441
5 0.268229 0.491943 0.096354 0.114746
6 0.966309 0.350830 0.066732 0.144043
9 0.960775 0.603271 0.077148 0.156738
6 0.475911 0.602539 0.091146 0.124023
9 0.454427 0.337158 0.083984 0.128418
5 0.374837 0.495605 0.114909 0.124023
6 0.053060 0.338867 0.084635 0.132812
