6 0.302572 0.353760 0.090169 0.158691
5 0.832194 0.600342 0.084310 0.139160
6 0.930990 0.595703 0.091146 0.119141
5 0.080892 0.443604 0.103190 0.147949
6 0.157064 0.275635 0.077799 0.147949
6 0.479329 0.669189 0.108398 0.123535
9 0.678385 0.497070 0.105469 0.166016
6 0.495605 0.338623 0.088216 0.124512
5 0.648275 0.354736 0.092122 0.132324
6 0.188477 0.420654 0.087240 0.121582
6 0.546387 0.277832 0.105794 0.147461
9 0.705078 0.694824 0.110026 0.140625
6 0.968913 0.333496 0.061523 0.147461
9 0.497396 0.558350 0.097656 0.127441
6 0.574707 0.425537 0.092773 0.130371
6 0.387044 0.261230 0.111979 0.130859
6 0.580404 0.629150 0.089844 0.153809
6 0.647135 0.593262 0.087891 0.104492
5 0.759277 0.570312 0.087565 0.124023
6 0.231283 0.293945 0.087565 0.161133
9 0.392904 0.378418 0.097005 0.123047
6 0.776204 0.458252 0.112305 0.131348
6 0.900716 0.055664 0.098958 0.111328
10 0.849609 0.414307 0.101562 0.114746
