6 0.835775 0.702881 0.097331 0.130371
9 0.347493 0.734131 0.097982 0.133301
10 0.500488 0.491699 0.088216 0.128906
5 0.410319 0.502441 0.097982 0.131836
6 0.860514 0.797852 0.095378 0.120117
6 0.446452 0.395752 0.093424 0.121582
6 0.554199 0.404541 0.090820 0.132324
9 0.756836 0.503906 0.091146 0.142578
6 0.966960 0.888428 0.066081 0.160645
9 0.631673 0.671143 0.091471 0.136230
6 0.556478 0.289551 0.096680 0.104492
10 0.441895 0.277832 0.090820 0.133789
6 0.192708 0.505127 0.083333 0.143066
6 0.257324 0.731201 0.087565 0.145996
6 0.048340 0.478027 0.096680 0.136719
9 0.515137 0.120850 0.138997 0.126465
6 0.522135 0.214355 0.108073 0.099609
10 0.348796 0.442627 0.096029 0.159668
8 0.767090 0.724365 0.055013 0.108887
8 0.676921 0.456055 0.082357 0.092773
8 0.694173 0.545166 0.058268 0.092285
8 0.586263 0.886963 0.075521 0.111816
8 0.503743 0.352783 0.058919 0.093262
