6 0.202148 0.617676 0.080078 0.143555
6 0.283040 0.614258 0.085612 0.130859
6 0.653158 0.492432 0.103190 0.130371
6 0.122396 0.586182 0.090495 0.140137
6 0.080729 0.450439 0.087240 0.150879
6 0.333008 0.335938 0.096354 0.137695
5 0.361165 0.533447 0.097982 0.121582
6 0.313965 0.442871 0.109049 0.113281
6 0.584635 0.527344 0.097005 0.152344
9 0.419271 0.414307 0.102865 0.171387
6 0.591960 0.379639 0.088867 0.128418
9 0.159668 0.475342 0.094727 0.138184
10 0.234049 0.509277 0.095052 0.134766
6 0.757975 0.401855 0.093424 0.163086
6 0.846191 0.374512 0.092773 0.163086
6 0.670573 0.374756 0.080729 0.123535
9 0.745117 0.654541 0.126953 0.122559
8 0.386556 0.716797 0.071940 0.110352
8 0.729980 0.554688 0.083008 0.099609
10 0.823893 0.589355 0.087891 0.132812
