9 0.577962 0.624756 0.108398 0.182129
6 0.925130 0.450439 0.087240 0.142090
6 0.041178 0.747314 0.076497 0.134277
6 0.112630 0.728271 0.082031 0.109863
6 0.214355 0.653076 0.076497 0.145996
6 0.867188 0.485107 0.078125 0.130371
6 0.529460 0.315430 0.096029 0.141602
6 0.491374 0.619873 0.077799 0.121582
6 0.092773 0.604980 0.073568 0.115234
6 0.495443 0.507568 0.089193 0.115723
6 0.085938 0.848877 0.080729 0.116699
6 0.760905 0.656982 0.088867 0.130371
5 0.583008 0.492676 0.091146 0.100586
6 0.154622 0.810547 0.079427 0.127930
6 0.146973 0.649658 0.068034 0.134277
6 0.811523 0.537109 0.090495 0.138672
6 0.672689 0.604004 0.081706 0.127930
8 0.141764 0.565430 0.059570 0.077148
